1
1
100
0.00000000000000000
0.01414141414141414
0.02828282828282828
0.04242424242424242
0.05656565656565656
0.07070707070707070
0.08484848484848484
0.09898989898989899
0.11313131313131312
0.12727272727272726
0.14141414141414141
0.15555555555555556
0.16969696969696968
0.18383838383838383
0.19797979797979798
0.21212121212121210
0.22626262626262625
0.24040404040404040
0.25454545454545452
0.26868686868686870
0.28282828282828282
0.29696969696969694
0.31111111111111112
0.32525252525252524
0.33939393939393936
0.35353535353535354
0.36767676767676766
0.38181818181818178
0.39595959595959596
0.41010101010101008
0.42424242424242420
0.43838383838383838
0.45252525252525250
0.46666666666666662
0.48080808080808080
0.49494949494949492
0.50909090909090904
0.52323232323232316
0.53737373737373739
0.55151515151515151
0.56565656565656564
0.57979797979797976
0.59393939393939388
0.60808080808080800
0.62222222222222223
0.63636363636363635
0.65050505050505047
0.66464646464646460
0.67878787878787872
0.69292929292929284
0.70707070707070707
0.72121212121212119
0.73535353535353531
0.74949494949494944
0.76363636363636356
0.77777777777777768
0.79191919191919191
0.80606060606060603
0.82020202020202015
0.83434343434343428
0.84848484848484840
0.86262626262626252
0.87676767676767675
0.89090909090909087
0.90505050505050499
0.91919191919191912
0.93333333333333324
0.94747474747474747
0.96161616161616159
0.97575757575757571
0.98989898989898983
1.00404040404040407
1.01818181818181808
1.03232323232323231
1.04646464646464632
1.06060606060606055
1.07474747474747478
1.08888888888888880
1.10303030303030303
1.11717171717171704
1.13131313131313127
1.14545454545454528
1.15959595959595951
1.17373737373737375
1.18787878787878776
1.20202020202020199
1.21616161616161600
1.23030303030303023
1.24444444444444446
1.25858585858585847
1.27272727272727271
1.28686868686868672
1.30101010101010095
1.31515151515151496
1.32929292929292919
1.34343434343434343
1.35757575757575744
1.37171717171717167
1.38585858585858568
1.39999999999999991
0.00000000000000000
-0.00000000849960558
-0.00000014064494211
-0.00000002170602970
0.00000023374623909
0.00000015652152991
-0.00000035224528588
-0.00000041589039475
0.00000061338346122
0.00000149838727196
0.00000092533227051
-0.00000004585472750
-0.00000010563787627
0.00000009617033534
-0.00000003803063286
-0.00000006034598448
0.00000006934638008
0.00000005905496323
-0.00000004393400109
-0.00000013117360821
-0.00000002204988147
0.00000026727507177
0.00000015669471547
-0.00000043460596980
-0.00000039517953683
0.00000075779247214
0.00000158713671139
0.00000096397459579
-0.00000002898400345
-0.00000016371293441
0.00000010571225296
0.00000008261500804
-0.00000009470269046
-0.00000011117172125
0.00000011941192001
0.00000031348729144
0.00000028083583683
0.00000044739523467
0.00000058916333289
-0.00000017321096797
-0.00000109377136273
-0.00000068879416836
0.00000099087601419
0.00000258761405342
0.00000179580444035
-0.00000131931630286
-0.00000176849203378
0.00000235274607504
0.00000565229502128
0.00000482190888772
0.00000194279798020
-0.00000091384472911
-0.00000156897810666
0.00000138712347308
0.00000212388546506
-0.00000142488722604
0.00001119411461006
0.00010422674497960
0.00093685146326755
0.00590813541447591
0.02422898831888343
0.07119549807055577
0.16294458817488433
0.30700569528655652
0.49166003027463984
0.68195399717680594
0.83423957843430974
0.92073303156956665
0.93282847724898732
0.86319847897229396
0.70871992218874258
0.49792853468909870
0.29076264359558712
0.13789867269428091
0.05129238331711287
0.01382354886080838
0.00234421481118828
0.00028081477778202
0.00002717243626175
-0.00004567801217284
0.00001316692565763
0.00001815057238488
-0.00001778741877922
0.00000040244634007
0.00000960025814356
-0.00000619781410433
-0.00000144299940908
0.00000442782197537
-0.00000212466484015
-0.00000105400188896
0.00000193028530290
-0.00000077053542616
-0.00000053336919733
0.00000081966331773
-0.00000029954702159
-0.00000024123755407
0.00000034417558194
-0.00000010019191755
-0.00000016699685404
0.00000025764634456
