4
3
6
101
0.00000000000000000
0.00272479564032698
0.00544959128065395
0.00817438692098093
0.01089918256130790
0.01362397820163488
0.01634877384196185
0.01907356948228883
0.02179836512261580
0.02452316076294278
0.02724795640326975
0.02997275204359673
0.03269754768392370
0.03542234332425068
0.03814713896457766
0.04087193460490463
0.04359673024523161
0.04632152588555858
0.04904632152588555
0.05177111716621254
0.05449591280653951
0.05722070844686648
0.05994550408719346
0.06267029972752043
0.06539509536784741
0.06811989100817438
0.07084468664850135
0.07356948228882834
0.07629427792915532
0.07901907356948229
0.08174386920980926
0.08446866485013624
0.08719346049046321
0.08991825613079019
0.09264305177111716
0.09536784741144413
0.09809264305177111
0.10081743869209808
0.10354223433242507
0.10626702997275204
0.10899182561307902
0.11171662125340599
0.11444141689373297
0.11716621253405994
0.11989100817438691
0.12261580381471389
0.12534059945504086
0.12806539509536785
0.13079019073569481
0.13351498637602180
0.13623978201634876
0.13896457765667575
0.14168937329700271
0.14441416893732970
0.14713896457765668
0.14986376021798364
0.15258855585831063
0.15531335149863759
0.15803814713896458
0.16076294277929154
0.16348773841961853
0.16621253405994549
0.16893732970027248
0.17166212534059944
0.17438692098092642
0.17711171662125341
0.17983651226158037
0.18256130790190736
0.18528610354223432
0.18801089918256131
0.19073569482288827
0.19346049046321526
0.19618528610354222
0.19891008174386920
0.20163487738419617
0.20435967302452315
0.20708446866485014
0.20980926430517710
0.21253405994550409
0.21525885558583105
0.21798365122615804
0.22070844686648500
0.22343324250681199
0.22615803814713895
0.22888283378746593
0.23160762942779289
0.23433242506811988
0.23705722070844687
0.23978201634877383
0.24250681198910082
0.24523160762942778
0.24795640326975477
0.25068119891008173
0.25340599455040869
0.25613079019073570
0.25885558583106266
0.26158038147138962
0.26430517711171664
0.26702997275204360
0.26975476839237056
0.27247956403269752
1.00000000000000000
1.00000003539586224
1.00000002372668884
1.00000000296030001
0.99999999881411539
1.00000000869631633
1.00000001359467050
1.00000000646324438
0.99999999927316729
0.99999999771529324
0.99999999804162965
0.99999999685742380
0.99999999661661687
0.99999999796335615
1.00000000092819397
1.00000000411082346
1.00000000653506937
1.00000000706806991
1.00000000709210224
1.00000000690204005
1.00000000620127771
1.00000000492578867
1.00000000519595278
1.00000000680886303
1.00000000723696769
1.00000000515306753
1.00000000427207136
1.00000000699964509
1.00000000944421408
1.00000000647217302
1.00000000218264362
1.00000000479822471
1.00000001185161302
1.00000001081219625
1.00000000067489259
0.99999999828472830
1.00000001151903462
1.00000002014223144
1.00000000528492206
0.99999998743945762
1.00000000068084938
1.00000003093292644
1.00000002525617715
0.99999998119588529
0.99999996996756968
1.00000002597865789
1.00000006610962067
1.00000000718816318
0.99999992501729118
0.99999996834083138
1.00000010135055506
1.00000010530558603
0.99999992440349805
0.99999983066167752
1.00000003189177455
1.00000026246655205
1.00000010466552580
0.99999970651317449
0.99999971128164378
1.00000026038708834
1.00000055471202209
0.99999996564675286
0.99999922667105723
0.99999960988223668
1.00000085054668642
1.00000106627689034
0.99999948934811944
0.99999821299414593
0.99999957821685392
1.00000222554387630
1.00000208726658513
0.99999832190097238
0.99999590360702428
0.99999945034960069
1.00000543200203884
1.00000488808203825
0.99999594480454512
0.99998969451007746
0.99999766567993864
1.00001348070168161
1.00001488779935221
0.99999179135014948
0.99996914463501696
0.99998735276533535
1.00004751166823969
1.00008426841995002
1.00002283756647059
0.99988570884132344
0.99982094892574547
0.99995859470573190
1.00018009054958656
1.00002524969716400
0.99886554967032604
0.99621342878823527
0.99193093364620188
0.98625146941724784
0.97965696080099429
0.97261025469981099
0.96531243073838680
0.95777963392794796
0.95006273179831358
0.00000000000000000
0.00000001379737573
0.00000000655836440
0.00000000870931394
0.00000001198806908
0.00000000885443252
0.00000000721851407
0.00000001276207025
0.00000001745526698
0.00000001926577379
0.00000002126717765
0.00000002388865094
0.00000002328608491
0.00000002052702150
0.00000001703921224
0.00000001402147655
0.00000001147793027
0.00000001051660937
0.00000001013037008
0.00000001041240889
0.00000001149969318
0.00000001308515236
0.00000001262720595
0.00000001061041537
0.00000001015059450
0.00000001270984867
0.00000001375878179
0.00000001047133641
0.00000000755025895
0.00000001109800133
0.00000001620524209
0.00000001310133497
0.00000000473087353
0.00000000595997022
0.00000001797115177
0.00000002080383191
0.00000000513552650
-0.00000000507083185
0.00000001251460840
0.00000003363263288
0.00000001796365369
-0.00000001783256155
-0.00000001111849905
0.00000004101162253
0.00000005430581395
-0.00000001195425801
-0.00000005944427826
0.00000001024907047
0.00000010747795776
0.00000005624429545
-0.00000010114298819
-0.00000010585242684
0.00000010824011139
0.00000021920839149
-0.00000001900089908
-0.00000029192524988
-0.00000010502405651
0.00000036622613255
0.00000036030301970
-0.00000028952005000
-0.00000063729414645
0.00000005964084025
0.00000093313759066
0.00000048004291088
-0.00000098645984428
-0.00000124243268810
0.00000062132642348
0.00000213302902771
0.00000052022654302
-0.00000261538364884
-0.00000245468861093
0.00000200698375442
0.00000487165709416
0.00000066412006616
-0.00000641657282052
-0.00000575656346767
0.00000482557089167
0.00001219809920919
0.00000277401889210
-0.00001590759221623
-0.00001759393310599
0.00000969468968738
0.00003653002499171
0.00001502740532659
-0.00005621363723054
-0.00009973560092810
-0.00002697703349753
0.00013526309866045
0.00021179752391837
0.00004896473783938
-0.00021308023368749
-0.00002986464476307
0.00134143241717995
0.00447015925187096
0.00950044202025310
0.01613136795149719
0.02377425164276730
0.03187215192111793
0.04018075347099107
0.04867481990493241
0.05729143459845965
2.50000000000000000
2.50000001399116556
2.50000003811614313
2.50000002970694668
2.50000002183783376
2.50000003139362414
2.50000003407429583
2.50000001616022649
2.50000000254748000
2.49999999821868002
2.49999999280619933
2.49999998489796216
2.49999998644058907
2.49999999465328138
2.50000000511056530
2.50000001403208261
2.50000002146802558
2.50000002430827006
2.50000002550428668
2.50000002468226823
2.50000002143272715
2.50000001673575900
2.50000001811065875
2.50000002408594790
2.50000002543377331
2.50000001786010406
2.50000001476580813
2.50000002449542480
2.50000003313049879
2.50000002263447119
2.50000000753165530
2.50000001671800209
2.50000004147814137
2.50000003784159874
2.50000000231155983
2.49999999393235406
2.50000004028066103
2.50000007047404393
2.50000001846196573
2.49999995599900426
2.50000000234388375
2.50000010821877217
2.50000008835942067
2.49999993416668653
2.49999989484901874
2.50000009085799846
2.50000023134714455
2.50000002516418407
2.49999973751675419
2.49999988908907023
2.50000035470339332
2.50000036863160835
2.49999973533743081
2.49999940711791790
2.50000011166805791
2.50000091884953290
2.50000036610231247
2.49999897236572988
2.49999898985426983
2.50000091188724616
2.50000194063159675
2.49999987898232368
2.49999729488341460
2.49999863535202271
2.50000297405804872
2.50000373142818466
2.49999821742140993
2.49999374487397352
2.49999851628346548
2.50000779246019222
2.50000731624417227
2.49999411862993437
2.49998564815031621
2.49999809261629080
2.50001902910442286
2.50001707883115021
2.49998579014061173
2.49996397847631924
2.49999183994034890
2.50004711236006205
2.50005211472551947
2.49997136385329100
2.49989196790887158
2.49995562481584344
2.50016638060274854
2.50029505621155135
2.50007979535235902
2.49959991549341698
2.49937353712202270
2.49985514410187148
2.50063018528517222
2.50008830857585895
2.49603125074692134
2.48676723371699016
2.47185091504020615
2.45214763972699323
2.42938001109521196
2.40518510059094970
2.38027746869785561
2.35472478788539163
2.32871056457883707
101
0.24250681198910082
0.24523160762942781
0.24795640326975477
0.25068119891008173
0.25340599455040874
0.25613079019073570
0.25885558583106266
0.26158038147138962
0.26430517711171664
0.26702997275204360
0.26975476839237056
0.27247956403269752
0.27520435967302453
0.27792915531335149
0.28065395095367845
0.28337874659400542
0.28610354223433243
0.28882833787465939
0.29155313351498635
0.29427792915531331
0.29700272479564033
0.29972752043596729
0.30245231607629425
0.30517711171662121
0.30790190735694822
0.31062670299727518
0.31335149863760214
0.31607629427792916
0.31880108991825612
0.32152588555858308
0.32425068119891004
0.32697547683923700
0.32970027247956402
0.33242506811989098
0.33514986376021794
0.33787465940054495
0.34059945504087191
0.34332425068119887
0.34604904632152583
0.34877384196185279
0.35149863760217981
0.35422343324250677
0.35694822888283373
0.35967302452316074
0.36239782016348770
0.36512261580381467
0.36784741144414168
0.37057220708446859
0.37329700272479560
0.37602179836512256
0.37874659400544952
0.38147138964577654
0.38419618528610350
0.38692098092643046
0.38964577656675747
0.39237057220708438
0.39509536784741139
0.39782016348773835
0.40054495912806531
0.40326975476839233
0.40599455040871929
0.40871934604904625
0.41144414168937327
0.41416893732970017
0.41689373297002719
0.41961852861035420
0.42234332425068111
0.42506811989100812
0.42779291553133508
0.43051771117166204
0.43324250681198906
0.43596730245231602
0.43869209809264298
0.44141689373296999
0.44414168937329690
0.44686648501362392
0.44959128065395088
0.45231607629427784
0.45504087193460485
0.45776566757493181
0.46049046321525877
0.46321525885558579
0.46594005449591269
0.46866485013623971
0.47138964577656667
0.47411444141689363
0.47683923705722064
0.47956403269754760
0.48228882833787456
0.48501362397820158
0.48773841961852848
0.49046321525885550
0.49318801089918252
0.49591280653950942
0.49863760217983644
0.50136239782016334
0.50408719346049036
0.50681198910081737
0.50953678474114428
0.51226158038147129
0.51498637602179831
0.99995845662263327
1.00018012057987193
1.00002523714873481
0.99886555667486721
0.99621342420239223
0.99193093706393820
0.98625146650803641
0.97965696364199728
0.97261025150075864
0.96531243495071628
0.95777962710895936
0.95006274830298210
0.94225600308892543
0.93439917092316238
0.92648863969791917
0.91853966323156544
0.91058162573079449
0.90262657205289598
0.89467390140022007
0.88672935167616407
0.87880387078575739
0.87090325964568960
0.86302819880022597
0.85518089031661237
0.84736609136431873
0.83958704234872317
0.83184447284585417
0.82413947297214374
0.81647441067094595
0.80885105135712987
0.80126997139611256
0.79373190292210305
0.78623810421855733
0.77878951070765357
0.77138655966337222
0.76402976682278345
0.75671979811932943
0.74945714398170948
0.74224210531923496
0.73507500169948492
0.72795616056593837
0.72088582231898068
0.71386415436160189
0.70689131473237254
0.69996744040181869
0.69309263247655606
0.68626696213239902
0.67949048898605657
0.67276326067110648
0.66608532014857447
0.65945670649644983
0.65287746183476481
0.64634763248469773
0.63986727520613429
0.63343645633939039
0.62705525897115522
0.62072378707822995
0.61444217094416609
0.60821056555967423
0.60202915283138891
0.59589814032452648
0.58981776230360361
0.58378827978065939
0.57780998443386455
0.57188320054231434
0.56600828748737053
0.56018564060936593
0.55441569208374353
0.54869891448535346
0.54303583114014276
0.53742703183700313
0.53187318938109374
0.52637508401810063
0.52093363319547470
0.51554992086176610
0.51022522383006574
0.50496106258999829
0.49975926704218648
0.49462204224912742
0.48955204731441543
0.48455255783333628
0.47962768860468746
0.47478261486576245
0.47002377627817704
0.46535925984951543
0.46079965282658664
0.45635931421095760
0.45205723864566250
0.44791769131834486
0.44397460370073810
0.44028277899611090
0.43692602367354377
0.43400171112626035
0.43158274246777911
0.42969117947018465
0.42830336395820984
0.42735297261869293
0.42673001875949162
0.42632377028714163
0.42607550457279036
0.42597110538452593
0.00004912724438770
-0.00021311559397198
-0.00002984986227259
0.00134142417136257
0.00447016463510596
0.00950043803026065
0.01613137131992900
0.02377424838778061
0.03187215554193020
0.04018074876862925
0.04867482739071925
0.05729141693595421
0.06591933639791872
0.07451027124456586
0.08306586215411106
0.09156790729317298
0.09998367380042454
0.10829962121205210
0.11651559323436472
0.12462499194402019
0.13261658054539857
0.14048478690620522
0.14822906756036905
0.15584743118140279
0.16333574225751493
0.17069152230746157
0.17791468079210046
0.18500486351848772
0.19196066918125232
0.19878132466059190
0.20546717464843187
0.21201849192154112
0.21843514170955283
0.22471730521734096
0.23086563030992133
0.23688074392656705
0.24276317705831219
0.24851362773696811
0.25413297298311710
0.25962210114880607
0.26498191167562130
0.27021338634327707
0.27531757628084880
0.28029555458070787
0.28514842117486922
0.28987731186696780
0.29448338960045584
0.29896783204852301
0.30333183129670760
0.30757659112994490
0.31170332488476304
0.31571325131953409
0.31960759127615040
0.32338756474466446
0.32705439143426734
0.33060929022704733
0.33405347815737618
0.33738817077962424
0.34061458321693333
0.34373392957288257
0.34674742168412903
0.34965627078848588
0.35246169048700243
0.35516490011846397
0.35776712687900275
0.36026960840243849
0.36267359288580725
0.36498033747839287
0.36719110512009007
0.36930716396385671
0.37132978708267289
0.37326025240350913
0.37509984395424167
0.37684985584489344
0.37851159018439079
0.38008634812154612
0.38157542660891131
0.38298012084897159
0.38430171651305634
0.38554148393226578
0.38670069812282576
0.38778064430701970
0.38878258858421522
0.38970779595365646
0.39055759369771859
0.39133328589897304
0.39203599302633568
0.39266679150246342
0.39322697313483052
0.39371759875209628
0.39413856376378192
0.39448883213842290
0.39476871144727999
0.39498236456847952
0.39513801478887384
0.39524582794932817
0.39531665512394465
0.39536183935977459
0.39539080634912055
0.39540833400203657
0.39541568526507265
2.49985466082724184
2.50063029040649631
2.50008826465546008
2.49603127524031576
2.48676721771568410
2.47185092692423813
2.45214762965798316
2.42938002087505600
2.40518508964233035
2.38027748302770004
2.35472476483174020
2.32871062003503670
2.30256306935502231
2.27642085588357457
2.25027417757708115
2.22417625008687425
2.19822566888863813
2.17246174269583614
2.14688206602721365
2.12150483981245808
2.09636399652666805
2.07147623130174097
2.04684205831705013
2.02246657121987328
1.99836227964537438
1.97453679464646692
1.95099000939185441
1.92772268596524587
1.90473922458519063
1.88204217774633231
1.85963049908944433
1.83750345742127608
1.81566178602548667
1.79410526235592549
1.77283217457578002
1.75184096910045506
1.73113049369660388
1.71069908834767426
1.69054453681529271
1.67066465323304425
1.65105727087101939
1.63171998525038275
1.61265019093092588
1.59384525518506126
1.57530249519578258
1.55701914454326729
1.53899237302969594
1.52121933397518871
1.50369716465478542
1.48642300490246271
1.46939399954631167
1.45260731549121158
1.43606014991431019
1.41974974876584681
1.40367340383301187
1.38782846389479619
1.37221234148829763
1.35682252342237697
1.34165656793402954
1.32671211177168380
1.31198687127801739
1.29747864347509068
1.28318530130361586
1.26910479585203806
1.25523515640435179
1.24157449177319235
1.22812099358210336
1.21487294576773253
1.20182873833613146
1.18898688635314032
1.17634605939537362
1.16390511448243705
1.15166313556790123
1.13961948090833287
1.12777384891558330
1.11612634745113604
1.10467759018630818
1.09342882384698425
1.08238207896481131
1.07154032290121504
1.06090772978950154
1.05049011450532070
1.04029540839063595
1.03033401923087209
1.02061950578843774
1.01117035546201284
1.00201260546424997
0.99318135681017616
0.98472180256577624
0.97669818363387451
0.96921623488934150
0.96243870497834327
0.95655373987585646
0.95169932460019191
0.94791194171181015
0.94513795668018419
0.94324045971720605
0.94199752339314946
0.94118725582003293
0.94069217229416036
0.94048397552025575
101
0.48501362397820164
0.48773841961852860
0.49046321525885561
0.49318801089918257
0.49591280653950953
0.49863760217983649
0.50136239782016345
0.50408719346049047
0.50681198910081748
0.50953678474114439
0.51226158038147140
0.51498637602179831
0.51771117166212532
0.52043596730245234
0.52316076294277924
0.52588555858310626
0.52861035422343328
0.53133514986376018
0.53405994550408720
0.53678474114441421
0.53950953678474112
0.54223433242506813
0.54495912806539515
0.54768392370572205
0.55040871934604907
0.55313351498637597
0.55585831062670299
0.55858310626703001
0.56130790190735691
0.56403269754768393
0.56675749318801094
0.56948228882833785
0.57220708446866486
0.57493188010899177
0.57765667574931878
0.58038147138964580
0.58310626702997270
0.58583106267029972
0.58855585831062673
0.59128065395095364
0.59400544959128065
0.59673024523160767
0.59945504087193457
0.60217983651226159
0.60490463215258861
0.60762942779291551
0.61035422343324253
0.61307901907356954
0.61580381471389645
0.61852861035422346
0.62125340599455037
0.62397820163487738
0.62670299727520429
0.62942779291553130
0.63215258855585832
0.63487738419618522
0.63760217983651224
0.64032697547683926
0.64305177111716616
0.64577656675749318
0.64850136239782019
0.65122615803814710
0.65395095367847411
0.65667574931880113
0.65940054495912803
0.66212534059945505
0.66485013623978206
0.66757493188010897
0.67029972752043598
0.67302452316076300
0.67574931880108990
0.67847411444141692
0.68119891008174382
0.68392370572207084
0.68664850136239775
0.68937329700272476
0.69209809264305178
0.69482288828337868
0.69754768392370570
0.70027247956403271
0.70299727520435962
0.70572207084468663
0.70844686648501365
0.71117166212534055
0.71389645776566757
0.71662125340599458
0.71934604904632149
0.72207084468664851
0.72479564032697552
0.72752043596730243
0.73024523160762944
0.73297002724795646
0.73569482288828336
0.73841961852861027
0.74114441416893739
0.74386920980926430
0.74659400544959120
0.74931880108991833
0.75204359673024523
0.75476839237057214
0.75749318801089915
0.44397460472227279
0.44028277865930027
0.43692602391284630
0.43400171090965889
0.43158274268122143
0.42969117925107758
0.42830336418966353
0.42735297236700931
0.42673001904455687
0.42632376993749482
0.42607550510437708
0.42597110378130004
0.42599196389583377
0.42608793415692692
0.42619401579781752
0.42626495738920100
0.42629564619057259
0.42631086052803208
0.42633361778515044
0.42636328365809312
0.42638452988065234
0.42639050983553228
0.42638855339427312
0.42638568423951656
0.42637932478315166
0.42636537515140749
0.42634751013596117
0.42633287436985567
0.42632285262948988
0.42631353820834283
0.42630323674953968
0.42629450595394297
0.42628911212732207
0.42628515803373140
0.42628025571728601
0.42627473886650719
0.42627029995213056
0.42626729072751463
0.42626497156218224
0.42626343292486157
0.42626372568097781
0.42626626319041400
0.42627003739050107
0.42627334396166500
0.42627460650306037
0.42627260069763678
0.42626668788758926
0.42625734962305545
0.42624670089303296
0.42623887057133242
0.42623968563363146
0.42625389812792952
0.42627960264332110
0.42630434688738705
0.42630955849217483
0.42628333682645614
0.42623148478038247
0.42617576533068025
0.42614018208105442
0.42613651306173395
0.42615516330267356
0.42615515514859298
0.42605004265806212
0.42570324595443865
0.42494258759575920
0.42356419380984373
0.42126997810490036
0.41753865663553480
0.41154882099547996
0.40232736194561552
0.38917734718817015
0.37219782636956544
0.35254937127903163
0.33222066765695391
0.31337315644356661
0.29762988965994824
0.28569007359824200
0.27739413032529159
0.27207220564252543
0.26891033717598800
0.26717673945608955
0.26630625425187449
0.26590853660268149
0.26574537604154597
0.26569026433995441
0.26568042750892457
0.26567989162416877
0.26566505691870290
0.26562585927316124
0.26556704921778851
0.26550219173338901
0.26544498130033728
0.26540457603560408
0.26538501306087592
0.26538495351918900
0.26539803208273693
0.26541572927409524
0.26543181216652356
0.26544531012324613
0.26545894448017082
0.26547406401569368
0.39371759769302467
0.39413856388439417
0.39448883217642705
0.39476871135269942
0.39498236469269277
0.39513801464531334
0.39524582810765657
0.39531665495288748
0.39536183954292731
0.39539080615342032
0.39540833421242100
0.39541568502895208
0.39541423182630420
0.39540744346023726
0.39539984606923523
0.39539466708204052
0.39539236471361655
0.39539127909700500
0.39538982574131726
0.39538803215637131
0.39538690926807968
0.39538682788246921
0.39538714480499326
0.39538726918266098
0.39538736176871014
0.39538778721492090
0.39538844960719777
0.39538905635287508
0.39538970124818917
0.39539075223738879
0.39539226808301053
0.39539385768006940
0.39539508652025812
0.39539574205102201
0.39539568916089096
0.39539478604482098
0.39539315296596605
0.39539138734048285
0.39539028686216154
0.39539033270255147
0.39539152334805983
0.39539362242210818
0.39539627928275634
0.39539872155227423
0.39539949995291318
0.39539692532702969
0.39539003964332259
0.39537935463423135
0.39536712406993485
0.39535754230141623
0.39535635536015373
0.39536807511120137
0.39539066670547590
0.39541217188227595
0.39541522394531259
0.39538900282869599
0.39533912991053249
0.39528576118245995
0.39525101283860692
0.39524584169875399
0.39526149455438442
0.39525996758712323
0.39516104999157325
0.39483822338134655
0.39413180707973827
0.39285224277618458
0.39072287690273649
0.38726101709999483
0.38170497417714339
0.37314953001048884
0.36094443000417420
0.34518090588535105
0.32693830986896782
0.30806279644713558
0.29055788900680884
0.27593130482457034
0.26484365564127327
0.25716465051687526
0.25228396797898356
0.24944123109772551
0.24793574018347084
0.24721288029971047
0.24688363087773552
0.24671462087320609
0.24659583780976368
0.24649239558761243
0.24639985609773807
0.24632004630555429
0.24625580550246856
0.24621066254824273
0.24618508571082059
0.24617347182341545
0.24616772403384049
0.24616337855127110
0.24616021562447551
0.24615874255291353
0.24615968617514400
0.24616473490455859
0.24617412095755201
0.24618572362615784
0.24619736503727083
0.97669818594748981
0.96921623428706849
0.96243870532058384
0.95655373960805723
0.95169932484202724
0.94791194147471047
0.94513795692748515
0.94324045944335322
0.94199752371971479
0.94118725537943593
0.94069217307957098
0.94048397263821693
0.94052555670224214
0.94071700175731543
0.94092874261502635
0.94107048491054979
0.94113189683737031
0.94116225442187518
0.94120738918516789
0.94126606378896660
0.94130782994584594
0.94131921482410041
0.94131503050674881
0.94130943080885232
0.94129731058825539
0.94127037733221530
0.94123570171655702
0.94120719767693373
0.94118732399931815
0.94116814207169630
0.94114636754511249
0.94112743502251894
0.94111535577030658
0.94110688665986197
0.94109773787555617
0.94108876158017074
0.94108295648436813
0.94108003923659100
0.94107736576745982
0.94107438310719216
0.94107310935496324
0.94107466998176437
0.94107762389207583
0.94107991122612256
0.94108090593128757
0.94108110426585234
0.94108087230153104
0.94108020452908947
0.94107937833213995
0.94107955213483574
0.94108281714905717
0.94109118397329783
0.94110425482939875
0.94111722833685707
0.94112227839008245
0.94111395041784018
0.94109440008303036
0.94107305678704778
0.94106046259100673
0.94106161376665787
0.94107217683721189
0.94107453473526559
0.94103151303994959
0.94088411875147826
0.94055833785993670
0.93996718445168215
0.93898268677577712
0.93737949508299490
0.93480408939758131
0.93084214983586910
0.92520089481441081
0.91792571055299521
0.90951247859878648
0.90081469594435093
0.89276475341789996
0.88605515675141355
0.88095845680559393
0.87736371007790903
0.87495555863224928
0.87339540133671001
0.87241899192311068
0.87185306098477899
0.87159099305732490
0.87155816276817333
0.87168354812984639
0.87188816719257511
0.87209224266317475
0.87223235200498916
0.87227650144919944
0.87222910884374605
0.87212357596665591
0.87200591848593711
0.87191650957792166
0.87187658332414930
0.87188396555410175
0.87191974525473659
0.87196008900270994
0.87198795302018905
0.87200153958868443
0.87201049722847146
0.87202228970139128
101
0.72752043596730243
0.73024523160762944
0.73297002724795635
0.73569482288828336
0.73841961852861038
0.74114441416893728
0.74386920980926430
0.74659400544959120
0.74931880108991822
0.75204359673024523
0.75476839237057214
0.75749318801089915
0.76021798365122617
0.76294277929155307
0.76566757493188009
0.76839237057220711
0.77111716621253401
0.77384196185286103
0.77656675749318804
0.77929155313351495
0.78201634877384196
0.78474114441416887
0.78746594005449588
0.79019073569482290
0.79291553133514980
0.79564032697547682
0.79836512261580383
0.80108991825613074
0.80381471389645776
0.80653950953678477
0.80926430517711168
0.81198910081743869
0.81471389645776560
0.81743869209809261
0.82016348773841963
0.82288828337874653
0.82561307901907355
0.82833787465940056
0.83106267029972747
0.83378746594005448
0.83651226158038150
0.83923705722070840
0.84196185286103542
0.84468664850136244
0.84741144414168934
0.85013623978201636
0.85286103542234337
0.85558583106267028
0.85831062670299729
0.86103542234332431
0.86376021798365121
0.86648501362397823
0.86920980926430513
0.87193460490463215
0.87465940054495905
0.87738419618528607
0.88010899182561309
0.88283378746593999
0.88555858310626701
0.88828337874659402
0.89100817438692093
0.89373297002724794
0.89645776566757496
0.89918256130790186
0.90190735694822888
0.90463215258855589
0.90735694822888280
0.91008174386920981
0.91280653950953683
0.91553133514986373
0.91825613079019075
0.92098092643051777
0.92370572207084467
0.92643051771117169
0.92915531335149870
0.93188010899182561
0.93460490463215262
0.93732970027247953
0.94005449591280654
0.94277929155313345
0.94550408719346046
0.94822888283378748
0.95095367847411438
0.95367847411444140
0.95640326975476841
0.95912806539509532
0.96185286103542234
0.96457765667574935
0.96730245231607626
0.97002724795640327
0.97275204359673029
0.97547683923705719
0.97820163487738421
0.98092643051771122
0.98365122615803813
0.98637602179836514
0.98910081743869216
0.99182561307901906
0.99455040871934608
0.99727520435967310
1.00000000000000000
0.26556705144720688
0.26550219126848984
0.26544498148894163
0.26540457593211481
0.26538501312782037
0.26538495346975571
0.26539803212465124
0.26541572923303558
0.26543181221313822
0.26544531006130628
0.26545894458135527
0.26547406375742094
0.26548778861525585
0.26549603863988158
0.26549908025926200
0.26550319931604482
0.26551722363306712
0.26554815258545822
0.26559560487142719
0.26564122228915515
0.26564578693596302
0.26557774477308432
0.26545760286421699
0.26535709462009471
0.26533553414469813
0.26538740441378639
0.26546320160546333
0.26552123301509112
0.26554786961403992
0.26555615931812987
0.26557586400210315
0.26561348927097900
0.26563062088082129
0.26561005519904496
0.26560340228447549
0.26563298076714131
0.26562688558611569
0.26556819528690356
0.26557236748193608
0.26566082218684545
0.26560913342628450
0.26495171953673452
0.26237407271440777
0.25471902300659932
0.23791912411454957
0.21092607543750500
0.17898575158282579
0.15133033339678356
0.13434140197759081
0.12735647442071260
0.12547354776112776
0.12498980562727939
0.12492115938862661
0.12505320506113249
0.12504347731970220
0.12494762916779265
0.12498589351737713
0.12504211476314733
0.12499613459059807
0.12497187248603095
0.12501200985426186
0.12501548279272201
0.12498674644936118
0.12499376255394316
0.12501100468459758
0.12500070425504348
0.12499234313552832
0.12500191044314143
0.12500457639071144
0.12499736302787887
0.12499771543007530
0.12500238565447877
0.12500086028385543
0.12499827253180321
0.12499992685282535
0.12500108365183543
0.12499973627550860
0.12499937303143499
0.12500028425824294
0.12500029534017834
0.12499978192953877
0.12499989716266757
0.12500014816962782
0.12500002338213695
0.12499991776971306
0.12500001316402709
0.12500005202254552
0.12499998998773440
0.12499997660839401
0.12500001178250114
0.12500001225807891
0.12499998942006595
0.12499999294489902
0.12500001056492271
0.12500000816958651
0.12499999549518592
0.12499999751492712
0.12500000804451059
0.12500000638941863
0.12499999316427035
0.12500000000000000
0.24621066407650735
0.24618508538981493
0.24617347195496145
0.24616772396039069
0.24616337859983123
0.24616021558797668
0.24615874258379777
0.24615968614607131
0.24616473493457439
0.24617412092505683
0.24618572365241262
0.24619736515447926
0.24620712149954413
0.24621299855355522
0.24621628858733571
0.24622348416649989
0.24624135845933348
0.24627308664507852
0.24631841444059141
0.24636414279132934
0.24637268104134971
0.24630824987055452
0.24619162746092868
0.24609943879502624
0.24608524594114209
0.24613100579991043
0.24619309595598315
0.24624852825330174
0.24627995063397259
0.24628213019660619
0.24629390513022661
0.24633898754819850
0.24635689403291547
0.24631611029667430
0.24631586402799063
0.24638988536974685
0.24637755069462411
0.24624933321444573
0.24626148671459080
0.24644887888202008
0.24632065590322072
0.24489915336952861
0.23931500385987861
0.22274537818263987
0.18739798906490451
0.13395792944211235
0.07656398593265179
0.03316290142508140
0.01062109121465185
0.00268191579539663
0.00048607092676115
-0.00010046119080640
-0.00002779496001740
0.00009098406704131
-0.00000546424773762
-0.00005457760080991
0.00001752556258861
0.00002942163689329
-0.00001799320668887
-0.00001387724723163
0.00001447381359800
0.00000546932171745
-0.00001036145592413
-0.00000129266162952
0.00000702881499854
-0.00000061292413340
-0.00000461910722385
0.00000137952537143
0.00000291683902860
-0.00000156104587752
-0.00000170721436594
0.00000143733462752
0.00000086227773725
-0.00000119617642865
-0.00000035699128869
0.00000089295252516
0.00000010352394266
-0.00000055006688218
0.00000007970681324
0.00000034009065728
-0.00000013366824181
-0.00000019291147896
0.00000013639892329
0.00000011491705634
-0.00000008626006884
-0.00000003791522639
0.00000006099844116
-0.00000000319860410
-0.00000004773594051
0.00000001234964482
0.00000002970218166
-0.00000001466050758
-0.00000001704733887
0.00000001068673563
0.00000000382880398
-0.00000001438634763
-0.00000000574383734
0.00000000792576700
-0.00000000011142128
-0.00000001782384799
0.00000000000000000
0.87222911218971777
0.87212357530068285
0.87200591875311040
0.87191650942690446
0.87187658342907215
0.87188396546658475
0.87191974534369476
0.87196008889268961
0.87198795318093136
0.87200153931840119
0.87201049777432516
0.87202228798764625
0.87203436456314942
0.87203972444999378
0.87203817513389825
0.87203684148350191
0.87203778468360804
0.87203729234587835
0.87204268970455523
0.87206431553725783
0.87207847117278170
0.87204227758920438
0.87197010673518272
0.87193347109482910
0.87195217026230087
0.87197104985451135
0.87197702131459631
0.87201465815629797
0.87205843682237472
0.87204385869128320
0.87202992382459721
0.87209076529419771
0.87210766534077466
0.87201031525209516
0.87203108328574841
0.87223239891263826
0.87220027243098652
0.87187044164792249
0.87189919433973861
0.87236391181843076
0.87202410313088108
0.86841806634670293
0.85418594928287783
0.81191121271395383
0.72215525712143680
0.58740772188681145
0.44353868885721237
0.33479602179589596
0.27768733715796623
0.25702936566836249
0.25125304324821923
0.24978065256161508
0.24992146575773239
0.25021273554611367
0.25000348868853772
0.24986383022915851
0.25003080493713242
0.25008086230870763
0.24996057168815020
0.24995709605702998
0.25003642313540908
0.25001935192159935
0.24997122633308824
0.24999424646249199
0.25002066416664154
0.24999876573640800
0.24998630641704961
0.25000420142679486
0.25000836655755115
0.24999516278854286
0.24999540031480988
0.25000431852306132
0.25000222204873362
0.24999675684321879
0.24999926037696493
0.25000222704551506
0.24999994168070047
0.24999848344042011
0.25000025659805175
0.25000089907730744
0.24999970786196107
0.24999953161094754
0.25000028658656254
0.25000023661552595
0.24999978037394902
0.24999992339819849
0.25000018790984507
0.25000002802280202
0.24999988539877485
0.25000001898674168
0.25000007247894535
0.24999996561787274
0.24999996116712711
0.25000004247669527
0.25000003045160901
0.24999997824214942
0.24999999692864722
0.25000003363107021
0.25000001244774062
0.24999996206027003
0.25000000000000000
