1
3
6
500
0.00000000000000000
0.00200400801603206
0.00400801603206413
0.00601202404809619
0.00801603206412826
0.01002004008016032
0.01202404809619238
0.01402805611222445
0.01603206412825651
0.01803607214428857
0.02004008016032064
0.02204408817635270
0.02404809619238477
0.02605210420841683
0.02805611222444889
0.03006012024048096
0.03206412825651302
0.03406813627254509
0.03607214428857715
0.03807615230460921
0.04008016032064128
0.04208416833667334
0.04408817635270541
0.04609218436873747
0.04809619238476953
0.05010020040080160
0.05210420841683366
0.05410821643286573
0.05611222444889779
0.05811623246492986
0.06012024048096192
0.06212424849699398
0.06412825651302605
0.06613226452905811
0.06813627254509018
0.07014028056112225
0.07214428857715430
0.07414829659318636
0.07615230460921843
0.07815631262525050
0.08016032064128256
0.08216432865731463
0.08416833667334668
0.08617234468937875
0.08817635270541081
0.09018036072144288
0.09218436873747494
0.09418837675350701
0.09619238476953906
0.09819639278557113
0.10020040080160320
0.10220440881763526
0.10420841683366733
0.10621242484969939
0.10821643286573146
0.11022044088176351
0.11222444889779558
0.11422845691382764
0.11623246492985971
0.11823647294589178
0.12024048096192384
0.12224448897795590
0.12424849699398796
0.12625250501002003
0.12825651302605209
0.13026052104208416
0.13226452905811623
0.13426853707414829
0.13627254509018036
0.13827655310621242
0.14028056112224449
0.14228456913827653
0.14428857715430859
0.14629258517034066
0.14829659318637273
0.15030060120240479
0.15230460921843686
0.15430861723446893
0.15631262525050099
0.15831663326653306
0.16032064128256512
0.16232464929859719
0.16432865731462926
0.16633266533066132
0.16833667334669336
0.17034068136272543
0.17234468937875749
0.17434869739478956
0.17635270541082163
0.17835671342685369
0.18036072144288576
0.18236472945891782
0.18436873747494989
0.18637274549098196
0.18837675350701402
0.19038076152304609
0.19238476953907813
0.19438877755511019
0.19639278557114226
0.19839679358717432
0.20040080160320639
0.20240480961923846
0.20440881763527052
0.20641282565130259
0.20841683366733466
0.21042084168336672
0.21242484969939879
0.21442885771543085
0.21643286573146292
0.21843687374749496
0.22044088176352702
0.22244488977955909
0.22444889779559116
0.22645290581162322
0.22845691382765529
0.23046092184368736
0.23246492985971942
0.23446893787575149
0.23647294589178355
0.23847695390781562
0.24048096192384769
0.24248496993987975
0.24448897795591179
0.24649298597194386
0.24849699398797592
0.25050100200400799
0.25250501002004005
0.25450901803607212
0.25651302605210419
0.25851703406813625
0.26052104208416832
0.26252505010020039
0.26452905811623245
0.26653306613226452
0.26853707414829658
0.27054108216432865
0.27254509018036072
0.27454909819639278
0.27655310621242485
0.27855711422845691
0.28056112224448898
0.28256513026052099
0.28456913827655306
0.28657314629258512
0.28857715430861719
0.29058116232464926
0.29258517034068132
0.29458917835671339
0.29659318637274545
0.29859719438877752
0.30060120240480959
0.30260521042084165
0.30460921843687372
0.30661322645290578
0.30861723446893785
0.31062124248496992
0.31262525050100198
0.31462925851703405
0.31663326653306612
0.31863727454909818
0.32064128256513025
0.32264529058116231
0.32464929859719438
0.32665330661322645
0.32865731462925851
0.33066132264529058
0.33266533066132264
0.33466933867735466
0.33667334669338672
0.33867735470941879
0.34068136272545085
0.34268537074148292
0.34468937875751499
0.34669338677354705
0.34869739478957912
0.35070140280561118
0.35270541082164325
0.35470941883767532
0.35671342685370738
0.35871743486973945
0.36072144288577151
0.36272545090180358
0.36472945891783565
0.36673346693386771
0.36873747494989978
0.37074148296593185
0.37274549098196391
0.37474949899799598
0.37675350701402804
0.37875751503006011
0.38076152304609218
0.38276553106212424
0.38476953907815625
0.38677354709418832
0.38877755511022039
0.39078156312625245
0.39278557114228452
0.39478957915831658
0.39679358717434865
0.39879759519038072
0.40080160320641278
0.40280561122244485
0.40480961923847691
0.40681362725450898
0.40881763527054105
0.41082164328657311
0.41282565130260518
0.41482965931863724
0.41683366733466931
0.41883767535070138
0.42084168336673344
0.42284569138276551
0.42484969939879758
0.42685370741482964
0.42885771543086171
0.43086172344689377
0.43286573146292584
0.43486973947895791
0.43687374749498992
0.43887775551102198
0.44088176352705405
0.44288577154308612
0.44488977955911818
0.44689378757515025
0.44889779559118231
0.45090180360721438
0.45290581162324645
0.45490981963927851
0.45691382765531058
0.45891783567134264
0.46092184368737471
0.46292585170340678
0.46492985971943884
0.46693386773547091
0.46893787575150297
0.47094188376753504
0.47294589178356711
0.47494989979959917
0.47695390781563124
0.47895791583166331
0.48096192384769537
0.48296593186372744
0.48496993987975950
0.48697394789579157
0.48897795591182358
0.49098196392785565
0.49298597194388771
0.49498997995991978
0.49699398797595185
0.49899799599198391
0.50100200400801598
0.50300601202404804
0.50501002004008011
0.50701402805611218
0.50901803607214424
0.51102204408817631
0.51302605210420837
0.51503006012024044
0.51703406813627251
0.51903807615230457
0.52104208416833664
0.52304609218436870
0.52505010020040077
0.52705410821643284
0.52905811623246490
0.53106212424849697
0.53306613226452904
0.53507014028056110
0.53707414829659317
0.53907815631262523
0.54108216432865730
0.54308617234468937
0.54509018036072143
0.54709418837675350
0.54909819639278556
0.55110220440881763
0.55310621242484970
0.55511022044088176
0.55711422845691383
0.55911823647294590
0.56112224448897796
0.56312625250501003
0.56513026052104198
0.56713426853707405
0.56913827655310611
0.57114228456913818
0.57314629258517025
0.57515030060120231
0.57715430861723438
0.57915831663326645
0.58116232464929851
0.58316633266533058
0.58517034068136264
0.58717434869739471
0.58917835671342678
0.59118236472945884
0.59318637274549091
0.59519038076152297
0.59719438877755504
0.59919839679358711
0.60120240480961917
0.60320641282565124
0.60521042084168331
0.60721442885771537
0.60921843687374744
0.61122244488977950
0.61322645290581157
0.61523046092184364
0.61723446893787570
0.61923847695390777
0.62124248496993983
0.62324649298597190
0.62525050100200397
0.62725450901803603
0.62925851703406810
0.63126252505010017
0.63326653306613223
0.63527054108216430
0.63727454909819636
0.63927855711422843
0.64128256513026050
0.64328657314629256
0.64529058116232463
0.64729458917835669
0.64929859719438876
0.65130260521042083
0.65330661322645289
0.65531062124248496
0.65731462925851702
0.65931863727454909
0.66132264529058116
0.66332665330661322
0.66533066132264529
0.66733466933867724
0.66933867735470931
0.67134268537074138
0.67334669338677344
0.67535070140280551
0.67735470941883758
0.67935871743486964
0.68136272545090171
0.68336673346693377
0.68537074148296584
0.68737474949899791
0.68937875751502997
0.69138276553106204
0.69338677354709410
0.69539078156312617
0.69739478957915824
0.69939879759519030
0.70140280561122237
0.70340681362725443
0.70541082164328650
0.70741482965931857
0.70941883767535063
0.71142284569138270
0.71342685370741477
0.71543086172344683
0.71743486973947890
0.71943887775551096
0.72144288577154303
0.72344689378757510
0.72545090180360716
0.72745490981963923
0.72945891783567129
0.73146292585170336
0.73346693386773543
0.73547094188376749
0.73747494989979956
0.73947895791583163
0.74148296593186369
0.74348697394789576
0.74549098196392782
0.74749498997995989
0.74949899799599196
0.75150300601202402
0.75350701402805609
0.75551102204408815
0.75751503006012022
0.75951903807615229
0.76152304609218435
0.76352705410821642
0.76553106212424848
0.76753507014028055
0.76953907815631251
0.77154308617234457
0.77354709418837664
0.77555110220440870
0.77755511022044077
0.77955911823647284
0.78156312625250490
0.78356713426853697
0.78557114228456904
0.78757515030060110
0.78957915831663317
0.79158316633266523
0.79358717434869730
0.79559118236472937
0.79759519038076143
0.79959919839679350
0.80160320641282556
0.80360721442885763
0.80561122244488970
0.80761523046092176
0.80961923847695383
0.81162324649298589
0.81362725450901796
0.81563126252505003
0.81763527054108209
0.81963927855711416
0.82164328657314623
0.82364729458917829
0.82565130260521036
0.82765531062124242
0.82965931863727449
0.83166332665330656
0.83366733466933862
0.83567134268537069
0.83767535070140275
0.83967935871743482
0.84168336673346689
0.84368737474949895
0.84569138276553102
0.84769539078156309
0.84969939879759515
0.85170340681362722
0.85370741482965928
0.85571142284569135
0.85771543086172342
0.85971943887775548
0.86172344689378755
0.86372745490981961
0.86573146292585168
0.86773547094188375
0.86973947895791581
0.87174348697394788
0.87374749498997983
0.87575150300601190
0.87775551102204397
0.87975951903807603
0.88176352705410810
0.88376753507014016
0.88577154308617223
0.88777555110220430
0.88977955911823636
0.89178356713426843
0.89378757515030050
0.89579158316633256
0.89779559118236463
0.89979959919839669
0.90180360721442876
0.90380761523046083
0.90581162324649289
0.90781563126252496
0.90981963927855702
0.91182364729458909
0.91382765531062116
0.91583166332665322
0.91783567134268529
0.91983967935871735
0.92184368737474942
0.92384769539078149
0.92585170340681355
0.92785571142284562
0.92985971943887769
0.93186372745490975
0.93386773547094182
0.93587174348697388
0.93787575150300595
0.93987975951903802
0.94188376753507008
0.94388777555110215
0.94589178356713421
0.94789579158316628
0.94989979959919835
0.95190380761523041
0.95390781563126248
0.95591182364729455
0.95791583166332661
0.95991983967935868
0.96192384769539074
0.96392785571142281
0.96593186372745488
0.96793587174348694
0.96993987975951901
0.97194388777555107
0.97394789579158314
0.97595190380761510
0.97795591182364716
0.97995991983967923
0.98196392785571129
0.98396793587174336
0.98597194388777543
0.98797595190380749
0.98997995991983956
0.99198396793587162
0.99398797595190369
0.99599198396793576
0.99799599198396782
0.99999999999999989
1.00000000000000000
1.00000000000000000
1.00000000000000000
1.00000000002042566
1.00000000002138956
1.00000000002765899
1.00000000003024292
1.00000000003064038
1.00000000003005574
1.00000000002931366
1.00000000002896372
1.00000000002901035
1.00000000002925282
1.00000000002948930
1.00000000002962941
1.00000000002969069
1.00000000002972622
1.00000000002977507
1.00000000002984812
1.00000000002993605
1.00000000003002665
1.00000000003011325
1.00000000003019318
1.00000000003027267
1.00000000003035061
1.00000000003043144
1.00000000003051004
1.00000000003059131
1.00000000003067346
1.00000000003075407
1.00000000003083356
1.00000000003091527
1.00000000003099188
1.00000000003106715
1.00000000003114109
1.00000000003121814
1.00000000003129674
1.00000000003137601
1.00000000003145750
1.00000000003153833
1.00000000003161849
1.00000000003169420
1.00000000003176837
1.00000000003184408
1.00000000003191891
1.00000000003199974
1.00000000003208234
1.00000000003216427
1.00000000003224687
1.00000000003232725
1.00000000003240608
1.00000000003248180
1.00000000003255751
1.00000000003263323
1.00000000003270917
1.00000000003278666
1.00000000003286393
1.00000000003294320
1.00000000003302247
1.00000000003310241
1.00000000003318457
1.00000000003326761
1.00000000003335066
1.00000000003343081
1.00000000003350897
1.00000000003358669
1.00000000003366329
1.00000000003373879
1.00000000003381606
1.00000000003389200
1.00000000003397171
1.00000000003405320
1.00000000003413536
1.00000000003421641
1.00000000003429856
1.00000000003438139
1.00000000003445844
1.00000000003453193
1.00000000003461809
1.00000000003468337
1.00000000003457123
1.00000000003441047
1.00000000003446621
1.00000000003492384
1.00000000003577805
1.00000000003626566
1.00000000003498402
1.00000000003178524
1.00000000003010614
1.00000000003602740
1.00000000005049539
1.00000000005909784
1.00000000003543410
0.99999999997257172
0.99999999992668354
1.00000000001077027
1.00000000027544900
1.00000000052319016
1.00000000028506664
0.99999999923336302
0.99999999794988237
0.99999999827123787
1.00000000206170925
1.00000000822541013
1.00000001026760410
0.99999999890062585
0.99999997245218797
0.99999994990635699
0.99999997103848237
1.00000006672627273
1.00000020263172185
1.00000023960988171
0.99999998555248115
0.99999938554637013
0.99999877650580915
0.99999896070931038
1.00000077936101639
1.00000409151829928
1.00000666390037263
1.00000416934222702
0.99999253337808969
0.99997268605408740
0.99995549757983193
0.99996028667001258
1.00000017217367732
1.00006723813193532
1.00010193402013314
0.99991771963733456
0.99914029223147061
0.99737467413829406
0.99446404296120527
0.99048821015215927
0.98567040057880673
0.98026417767606411
0.97448135283073978
0.96846901809646424
0.96231819275763675
0.95608253864881321
0.94979430881156945
0.94347425711734278
0.93713678711473847
0.93079242965409847
0.92444910107957823
0.91811284593135534
0.91178833713884355
0.90547923242718364
0.89918843052494724
0.89291825517338230
0.88667058794570708
0.88044696530941369
0.87424865082595404
0.86807668987038566
0.86193195169699688
0.85581516204379582
0.84972692857540588
0.84366776096441487
0.83763808699446152
0.83163826564116539
0.82566859774252122
0.81972933469701748
0.81382068558508558
0.80794282307859888
0.80209588841568247
0.79627999560697804
0.79049523497537277
0.78474167613339152
0.77901937052398451
0.77332835363671082
0.76766864695766068
0.76204025966227462
0.75644319005560490
0.75087742679969549
0.74534295000020656
0.73983973221729915
0.73436773942198164
0.72892693187451285
0.72351726489108348
0.71813868949223858
0.71279115296423456
0.70747459938076962
0.70218897011567205
0.69693420434206266
0.69171023948661381
0.68651701160473766
0.68135445566065178
0.67622250571859710
0.67112109506257511
0.66605015625800823
0.66100962115665085
0.65599942083665075
0.65101948546896482
0.64606974410799434
0.64115012441330577
0.63626055231677714
0.63140095165480825
0.62657124379048335
0.62177134725649819
0.61700117745460903
0.61226064644810219
0.60754966287770162
0.60286813201961564
0.59821595599101984
0.59359303409799602
0.58899926331618679
0.58443453889397889
0.57989875506848121
0.57539180588222338
0.57091358608346510
0.56646399208895171
0.56204292299183212
0.55765028161547237
0.55328597564819126
0.54894991893856659
0.54464203306983128
0.54036224933983756
0.53611051122331688
0.53188677727183487
0.52769102423352943
0.52352325001445632
0.51938347605284951
0.51527174881105509
0.51118814038948379
0.50713274858849955
0.50310569689597961
0.49910713477926261
0.49513723844783269
0.49119621215111420
0.48728429006240609
0.48340173864462049
0.47954885888825138
0.47572598806627753
0.47193350149331431
0.46817181723456897
0.46444140142449841
0.46074276507383588
0.45707640715638864
0.45344265445892917
0.44984131017449730
0.44627141031258361
0.44273209295824334
0.43922797696956978
0.43578385534593767
0.43247483237104384
0.42946174895720718
0.42701004551938782
0.42543518681192916
0.42491750067168427
0.42530615131878208
0.42616881974474069
0.42697157189620494
0.42730440709529616
0.42707897564861980
0.42650397424969427
0.42590221639582210
0.42552967456093266
0.42547329447286031
0.42565637011161056
0.42592567282078553
0.42614998589345965
0.42627548857374514
0.42632084738736042
0.42633365144748414
0.42634831206642843
0.42637095659473301
0.42639019284943386
0.42639603179821450
0.42639020937540251
0.42638307343414317
0.42638349298575701
0.42639150311345159
0.42639887537269078
0.42639579976497910
0.42637783147810726
0.42634825835293289
0.42631521869454636
0.42628660345370978
0.42626652459314585
0.42625508408763613
0.42625045074666812
0.42625097872228240
0.42625585960287043
0.42626448318143156
0.42627570778965929
0.42628793112379754
0.42629981214789631
0.42631083078064463
0.42632112242573261
0.42633078941639613
0.42633937102548780
0.42634594478239179
0.42634972227787460
0.42635059206304438
0.42634917574766446
0.42634641704864518
0.42634307835913365
0.42633950500789353
0.42633572664724301
0.42633170101782036
0.42632747787845210
0.42632322187910832
0.42631917157162530
0.42631559296171934
0.42631269027789803
0.42631044868805928
0.42630853961556342
0.42630650468696846
0.42630421659395479
0.42630221038096716
0.42630138171380644
0.42630211092767684
0.42630369159820575
0.42630500263033050
0.42630613155536501
0.42630911838697100
0.42631612647790323
0.42632595459469413
0.42633272973515646
0.42633007377824750
0.42631875754969550
0.42631007605046423
0.42631807988245596
0.42634376334390101
0.42636573869579392
0.42635199266245222
0.42629028122149992
0.42621269313302373
0.42618527989265159
0.42625732950239414
0.42640483745475460
0.42652093630189081
0.42647782388761596
0.42623088657984493
0.42588426774269722
0.42565029177142122
0.42572111387694633
0.42610051674885147
0.42652966541354914
0.42656402524330039
0.42546976490581651
0.42054623198936220
0.40528099891226765
0.37666694444847709
0.33939846281693353
0.30253105107651446
0.27495407552216616
0.26099905086180758
0.25752693720933112
0.25818777025256034
0.26034437547404193
0.26308205822358621
0.26563864987093572
0.26744663446682548
0.26824560408723885
0.26810123969012345
0.26731762573440698
0.26624037798700884
0.26518325810479909
0.26438407763379723
0.26396889425258768
0.26394955262293801
0.26424817418296176
0.26473857933550610
0.26528581245675137
0.26577405742661303
0.26612409440952339
0.26629943816258389
0.26630301154115299
0.26616796677266241
0.26594548502656956
0.26569206720959881
0.26545855991587647
0.26528263392916673
0.26518546199121046
0.26517187635683870
0.26523247228667246
0.26534662604930814
0.26548647361178290
0.26562226765201469
0.26572860272503857
0.26578962071348655
0.26580107976495548
0.26576873135360368
0.26570459605298025
0.26562352908397108
0.26554122899944688
0.26547288781811967
0.26543102659568568
0.26542236266119940
0.26544542150804412
0.26549098368441676
0.26554571114021336
0.26559693116569844
0.26563579620584893
0.26565764078370785
0.26566079156052691
0.26564598001372214
0.26561704940415881
0.26558150956319337
0.26554906792838845
0.26552806789869537
0.26552201051376961
0.26552881038611603
0.26554334608569702
0.26556088864720545
0.26557849567149372
0.26559411083852591
0.26560513320439588
0.26560807985848917
0.26560077622774908
0.26558585160667525
0.26556978034247514
0.26555740479264750
0.26555114219627485
0.26555259542670584
0.26555716872932589
0.26555815150287870
0.26556355003003507
0.26557922880438101
0.26558260107531834
0.26557444926363127
0.26559799267710055
0.26559664792037879
0.26528469408178273
0.26321211807286204
0.23303351112112197
0.15791326483372806
0.12678224546645242
0.12515358125504109
0.12498114127388063
0.12500340954979181
0.12500760585321141
0.12500041637236692
0.12499918326138126
0.12499998021288312
0.12500014177962240
0.12500000399062369
0.12499997707265410
0.12500000023899419
0.12500000375445053
0.12499999982713510
0.12499999940941946
0.12500000005556336
0.12500000009736054
0.12499999999246110
0.12499999998966067
0.12500000000650130
0.12500000000632033
0.12500000000362305
0.12500000000373698
0.12500000000415110
0.12500000000410502
0.12500000000402739
0.12500000000402581
0.12500000000403086
0.12500000000401931
0.12500000000400596
0.12500000000399331
0.12500000000398037
0.12500000000396710
0.12500000000395381
0.12500000000394026
0.12500000000392683
0.12500000000391348
0.12500000000390021
0.12500000000388695
0.12500000000387365
0.12500000000386025
0.12500000000384734
0.12500000000383427
0.12500000000382092
0.12500000000380757
0.12500000000379430
0.12500000000378103
0.12500000000376787
0.12500000000375480
0.12500000000374159
0.12500000000372830
0.12500000000371481
0.12500000000370154
0.12500000000368841
0.12500000000367523
0.12500000000366154
0.12500000000364767
0.12500000000363434
0.12500000000362246
0.12500000000361181
0.12500000000359879
0.12500000000357783
0.12500000000354872
0.12500000000352132
0.12500000000351383
0.12500000000353428
0.12500000000354583
0.12500000000349207
0.12500000000318004
0.12500000000260231
0.12500000000261358
0.12500000000000000
0.12500000000000000
0.12500000000000000
0.00000000000000000
0.00000000000000000
0.00000000000000000
-0.00000000001936412
-0.00000000001333188
-0.00000000001467596
-0.00000000001450026
-0.00000000001429651
-0.00000000001423228
-0.00000000001410495
-0.00000000001399439
-0.00000000001388193
-0.00000000001376896
-0.00000000001365655
-0.00000000001354400
-0.00000000001343144
-0.00000000001331873
-0.00000000001320591
-0.00000000001309301
-0.00000000001298020
-0.00000000001286762
-0.00000000001275519
-0.00000000001264281
-0.00000000001253030
-0.00000000001241774
-0.00000000001230518
-0.00000000001219261
-0.00000000001208010
-0.00000000001196764
-0.00000000001185521
-0.00000000001174274
-0.00000000001163017
-0.00000000001151753
-0.00000000001140487
-0.00000000001129233
-0.00000000001117991
-0.00000000001106757
-0.00000000001095523
-0.00000000001084285
-0.00000000001073038
-0.00000000001061776
-0.00000000001050493
-0.00000000001039204
-0.00000000001027940
-0.00000000001016690
-0.00000000001005441
-0.00000000000994188
-0.00000000000982920
-0.00000000000971640
-0.00000000000960359
-0.00000000000949093
-0.00000000000937844
-0.00000000000926605
-0.00000000000915362
-0.00000000000904101
-0.00000000000892821
-0.00000000000881543
-0.00000000000870282
-0.00000000000859033
-0.00000000000847788
-0.00000000000836542
-0.00000000000825291
-0.00000000000814034
-0.00000000000802769
-0.00000000000791491
-0.00000000000780210
-0.00000000000768946
-0.00000000000757691
-0.00000000000746440
-0.00000000000735185
-0.00000000000723929
-0.00000000000712668
-0.00000000000701407
-0.00000000000690160
-0.00000000000678919
-0.00000000000667682
-0.00000000000656455
-0.00000000000645210
-0.00000000000633741
-0.00000000000620717
-0.00000000000601453
-0.00000000000576384
-0.00000000000565707
-0.00000000000601566
-0.00000000000684316
-0.00000000000721408
-0.00000000000550215
-0.00000000000152442
0.00000000000063824
-0.00000000000621871
-0.00000000002319974
-0.00000000003324731
-0.00000000000509967
0.00000000006945267
0.00000000012393118
0.00000000002461920
-0.00000000028837083
-0.00000000058132297
-0.00000000029939243
0.00000000094517767
0.00000000246400592
0.00000000208399877
-0.00000000240067740
-0.00000000969336643
-0.00000001210942147
0.00000000134048179
0.00000003263501173
0.00000005931190114
0.00000003430830805
-0.00000007891069116
-0.00000023971585141
-0.00000028346942839
0.00000001713625090
0.00000072707913835
0.00000144768643676
0.00000122971199077
-0.00000092190848598
-0.00000484118938609
-0.00000788673446630
-0.00000492847806464
0.00000884318508676
0.00003224710973650
0.00005271680821755
0.00004740956959268
-0.00000202516502572
-0.00008101876745087
-0.00011750352383606
0.00010067678150473
0.00101807459384810
0.00310162772185088
0.00652879579669585
0.01119023208638857
0.01680874057954038
0.02307379514958461
0.02972860517773687
0.03659616867226045
0.04356742740820937
0.05057827613803108
0.05759027770613462
0.06457880931875637
0.07152693778027967
0.07842245144599769
0.08525633522132157
0.09202186211679195
0.09871397932132667
0.10532887201390150
0.11186365093578858
0.11831612828448972
0.12468465571033936
0.13096800552310886
0.13716528216273341
0.14327585522772385
0.14929930812322711
0.15523539818931678
0.16108402538230007
0.16684520742462050
0.17251905991958680
0.17810578031422922
0.18360563485734918
0.18901894790033322
0.19434609305272413
0.19958748583034469
0.20474357751594818
0.20981485000267472
0.21480181143093524
0.21970499247215924
0.22452494315266602
0.22926223013575267
0.23391743438798007
0.23849114915778064
0.24298397820449077
0.24739653423610411
0.25172943753419164
0.25598331475260838
0.26015879787065099
0.26425652327132326
0.26827713091372896
0.27222126357950338
0.27608956618989139
0.27988268520121617
0.28360126808561376
0.28724596289402271
0.29081741788878407
0.29431628123122083
0.29774320071614424
0.30109882355481721
0.30438379621374184
0.30759876431539657
0.31074437260065130
0.31382126494559787
0.31683008442129001
0.31977147338386902
0.32264607358273834
0.32545452627411353
0.32819747232605551
0.33087555230065369
0.33348940650025288
0.33603967496763254
0.33852699743317100
0.34095201320357649
0.34331536098687881
0.34561767864885928
0.34785960289942952
0.35004176891476407
0.35216480991093763
0.35422935669412359
0.35623603721702241
0.35818547616888646
0.36007829461733609
0.36191510970622287
0.36369653439825023
0.36542317723722018
0.36709564209597129
0.36871452787653908
0.37028042814350914
0.37179393070354871
0.37325561719118378
0.37466606277030789
0.37602583608839957
0.37733549960017304
0.37859561029918848
0.37980672078572214
0.38096938051156864
0.38208413703241573
0.38315153716562594
0.38417212803587381
0.38514645803583386
0.38607507771395289
0.38695854070183966
0.38779740472358187
0.38859223303175977
0.38934359545214503
0.39005207004903364
0.39071824254615839
0.39134271263128839
0.39192609720477933
0.39246907017101262
0.39297236667402990
0.39343686126966038
0.39386329505120865
0.39425196607003360
0.39460094313797889
0.39490586680650158
0.39515607359397503
0.39534119551096530
0.39545395999277749
0.39548841706157667
0.39546008173785602
0.39540035470280327
0.39534329620014147
0.39531968663359190
0.39533695850844164
0.39537830016584530
0.39542040597594708
0.39544625070574363
0.39545027340189381
0.39543798226210936
0.39541967484352442
0.39540407090968083
0.39539492947121935
0.39539109792714550
0.39538945147974552
0.39538779500775845
0.39538584277245969
0.39538443066503925
0.39538421362922022
0.39538498070972472
0.39538590883406799
0.39538630639710515
0.39538615394648002
0.39538604864779869
0.39538667305777525
0.39538824825825641
0.39539038166163015
0.39539236769349073
0.39539365670493626
0.39539413675337914
0.39539407783165342
0.39539385878603772
0.39539371813020080
0.39539368564672805
0.39539367601887210
0.39539361666867312
0.39539350331451578
0.39539336977470813
0.39539322635450735
0.39539302231836720
0.39539265157618952
0.39539199254294255
0.39539096623384423
0.39538959474984897
0.39538803462972516
0.39538655778079568
0.39538547302893334
0.39538501805931386
0.39538527593662737
0.39538615855794568
0.39538745906762235
0.39538893980048073
0.39539041466960306
0.39539179401865943
0.39539306453510847
0.39539418979746405
0.39539497706578980
0.39539504644229195
0.39539403892063169
0.39539199855317864
0.39538957346917508
0.39538766158832261
0.39538662221925935
0.39538583976069697
0.39538441872057994
0.39538267652976361
0.39538275363778952
0.39538683574142353
0.39539388997445435
0.39539848415406015
0.39539471377090896
0.39538335240905059
0.39537497265078769
0.39538267121454962
0.39540733127291089
0.39542893870016832
0.39541758010486366
0.39536173403145797
0.39529104589267405
0.39526681833080307
0.39533471710853663
0.39547240660201693
0.39558102498541292
0.39554157017543462
0.39531303162768422
0.39499219356757992
0.39477424350433449
0.39484073899760436
0.39519187804895489
0.39558584334087482
0.39562027239447328
0.39461438430632073
0.39004801445252890
0.37588072196818906
0.34934025892275156
0.31477691113681006
0.28058093631377840
0.25500805867760296
0.24206910155566314
0.23884493643948893
0.23945600863751884
0.24145621650994772
0.24399510958778589
0.24636503879155860
0.24804113262075400
0.24878229867194804
0.24865004248258801
0.24792420393892145
0.24692454234324113
0.24594282993803288
0.24520104629177897
0.24481689200588758
0.24480062114213966
0.24507845941266132
0.24553260747860028
0.24603868060720599
0.24649092154289243
0.24681667984152172
0.24698118468656607
0.24698536626675568
0.24685917548286057
0.24665113814562331
0.24641552284298768
0.24620024078965047
0.24603904475226210
0.24594960945446770
0.24593568850567252
0.24598987663517846
0.24609512881434190
0.24622631454044011
0.24635437781228983
0.24645353505571341
0.24650837850523555
0.24651658627465445
0.24648583844286934
0.24642796600971745
0.24635500897354093
0.24627909125457401
0.24621366974516523
0.24617225105628510
0.24616362771543221
0.24618704925141841
0.24623193239482180
0.24628322367564062
0.24632857901667726
0.24636197944379917
0.24638190430120560
0.24638735515752047
0.24637667170859168
0.24635050587060006
0.24631530420886569
0.24628254959917736
0.24626301021286151
0.24626037901684911
0.24626999274627767
0.24628394393969424
0.24629749279846547
0.24631066050924452
0.24632474438809940
0.24633794864004177
0.24634396090412491
0.24633674966803704
0.24631884553834751
0.24630025536820610
0.24628755904457655
0.24628307561919710
0.24628892625762286
0.24629533093424893
0.24628926000401336
0.24629076182018825
0.24631521420571961
0.24631512217236912
0.24629182779234338
0.24633513783467834
0.24634736804611748
0.24579444337830814
0.24166280826010758
0.17887591996229976
0.04535014335364493
0.00197975062006581
0.00017278049522494
-0.00001601651805972
0.00000322981436460
0.00000699349857943
0.00000080822380510
-0.00000088923726898
-0.00000004604988429
0.00000015781937587
0.00000000411459190
-0.00000002480684575
0.00000000037407894
0.00000000397987208
-0.00000000019752842
-0.00000000062691507
0.00000000005568684
0.00000000009932871
-0.00000000001143451
-0.00000000001437382
0.00000000000346208
0.00000000000330287
0.00000000000047661
0.00000000000062495
0.00000000000109185
0.00000000000107125
0.00000000000101750
0.00000000000104223
0.00000000000107097
0.00000000000109034
0.00000000000110836
0.00000000000112596
0.00000000000114349
0.00000000000116104
0.00000000000117859
0.00000000000119615
0.00000000000121371
0.00000000000123129
0.00000000000124885
0.00000000000126639
0.00000000000128393
0.00000000000130148
0.00000000000131904
0.00000000000133658
0.00000000000135409
0.00000000000137162
0.00000000000138911
0.00000000000140641
0.00000000000142365
0.00000000000144099
0.00000000000145842
0.00000000000147589
0.00000000000149336
0.00000000000151073
0.00000000000152812
0.00000000000154554
0.00000000000156294
0.00000000000158042
0.00000000000159793
0.00000000000161541
0.00000000000163283
0.00000000000165027
0.00000000000166769
0.00000000000168504
0.00000000000170196
0.00000000000171951
0.00000000000173676
0.00000000000174746
0.00000000000178880
0.00000000000176795
0.00000000000169799
0.00000000000233923
0.00000000000000000
0.00000000000000000
0.00000000000000000
2.50000000000000000
2.50000000000000000
2.50000000000000000
2.50000000005793277
2.50000000004078693
2.50000000004547784
2.50000000004567280
2.50000000004578515
2.50000000004631318
2.50000000004665246
2.50000000004704193
2.50000000004742473
2.50000000004780798
2.50000000004819478
2.50000000004857847
2.50000000004895861
2.50000000004933964
2.50000000004971890
2.50000000005009548
2.50000000005047163
2.50000000005085043
2.50000000005123146
2.50000000005161294
2.50000000005199041
2.50000000005236389
2.50000000005273337
2.50000000005310596
2.50000000005348122
2.50000000005385958
2.50000000005423884
2.50000000005461942
2.50000000005499778
2.50000000005537348
2.50000000005574918
2.50000000005612533
2.50000000005650458
2.50000000005688428
2.50000000005726308
2.50000000005763967
2.50000000005801404
2.50000000005838841
2.50000000005876277
2.50000000005913758
2.50000000005951550
2.50000000005989698
2.50000000006028067
2.50000000006066214
2.50000000006103962
2.50000000006141399
2.50000000006178613
2.50000000006216139
2.50000000006254020
2.50000000006292078
2.50000000006330136
2.50000000006367928
2.50000000006405365
2.50000000006442535
2.50000000006479972
2.50000000006517809
2.50000000006556000
2.50000000006594014
2.50000000006631851
2.50000000006669287
2.50000000006706324
2.50000000006743406
2.50000000006780709
2.50000000006818546
2.50000000006856649
2.50000000006894707
2.50000000006932366
2.50000000006969492
2.50000000007006484
2.50000000007043699
2.50000000007081491
2.50000000007119505
2.50000000007157386
2.50000000007195089
2.50000000007232481
2.50000000007269074
2.50000000007299228
2.50000000007310774
2.50000000007310774
2.50000000007351098
2.50000000007530820
2.50000000007848211
2.50000000008032286
2.50000000007600187
2.50000000006497780
2.50000000005930190
2.50000000008032597
2.50000000013129986
2.50000000016175994
2.50000000007923617
2.49999999985944221
2.49999999969902253
2.49999999999353628
2.50000000092011954
2.50000000178741022
2.50000000095417141
2.49999999727343925
2.49999999278150620
2.49999999390646099
2.50000000717322202
2.50000002874619831
2.50000003589389674
2.49999999610945300
2.49999990353989876
2.49999982462950188
2.49999989859203575
2.50000023349924394
2.50000070916819306
2.50000083859394007
2.49999994939133563
2.49999784935252300
2.49999571776743901
2.49999636254598778
2.50000272712677685
2.50001432051305938
2.50002332927103721
2.50001457894139056
2.49997384150828372
2.49990460458069208
2.49984412534270239
2.49985961090643327
2.50000714802876534
2.50024872576374246
2.50033218619359410
2.49969917368180106
2.49698413429661370
2.49081956976741470
2.48066634865439584
2.46683487132446055
2.45013354849415554
2.43146967992987362
2.41159616754042805
2.39103313196615996
2.37010114882417522
2.34898859026558071
2.32780823274593063
2.30663218333399733
2.28550998426875251
2.26447735545401141
2.24356066978010604
2.22277961304396410
2.20214897844911217
2.18167994299097767
2.16138098270621715
2.14125852923101956
2.12131744434000113
2.10156136771432500
2.08199297595606403
2.06261417850755757
2.04342626787865767
2.02443003623569240
2.00562586688150679
1.98701380676280071
1.96859362447794228
1.95036485708560581
1.93232684817753531
1.91447877907515585
1.89681969456875499
1.87934852429103061
1.86206410057186877
1.84496517343769284
1.82805042328095246
1.81131847162005544
1.79476789028663353
1.77839720931031331
1.76220492371870341
1.74618949943002155
1.73034937838478231
1.71468298303822531
1.69918872031438251
1.68386498510469718
1.66871016337867362
1.65372263496080874
1.63890077601729023
1.62424296128714207
1.60974756608515568
1.59541296809780775
1.58123754898672098
1.56721969580726039
1.55335780224324083
1.53965026965373775
1.52609550792591686
1.51269193612848318
1.49943798296225861
1.48633208700651975
1.47337269676149352
1.46055827049104847
1.44788727587598554
1.43535818949783445
1.42296949618461910
1.41071968826104599
1.39860726475516639
1.38663073062105147
1.37478859604222747
1.36307937588330175
1.35150158935580489
1.34005375995666709
1.32873441572419715
1.31754208983762955
1.30647532156472934
1.29553265754001412
1.28471265333565787
1.27401387526937349
1.26343490238099565
1.25297432850562562
1.24263076438254094
1.23240283977125520
1.22228920560335919
1.21228853627831090
1.20239953229848306
1.19262092350228821
1.18295147314653892
1.17338998295978469
1.16393529901491277
1.15458631789954880
1.14534199234068867
1.13620133536996937
1.12716342244713807
1.11822739163275719
1.10939244259029834
1.10065783549122531
1.09202289063880120
1.08348698913777186
1.07504957471210694
1.06671015672520353
1.05846831417902920
1.05032369928711078
1.04227604012908670
1.03432514290992184
1.02647090122603202
1.01871330444446739
1.01105243279203383
1.00348833222978495
0.99602069984413766
0.98864814466969309
0.98136777287851173
0.97417683221926565
0.96708390430766533
0.96013776790501915
0.95348776760140153
0.94745227117873387
0.94255796013165327
0.93940992428406034
0.93837766770678754
0.93916321799296121
0.94088205502878131
0.94248207254257055
0.94314526216424088
0.94269248452043397
0.94154533748600744
0.94034681679819809
0.93960416538986158
0.93949177647431514
0.93985637011243151
0.94039228586072521
0.94083914863060569
0.94108974778422316
0.94118106342510255
0.94120763169604482
0.94123769818628111
0.94128325764407483
0.94132156472403883
0.94133280105988748
0.94132056438556411
0.94130560612462999
0.94130569518748741
0.94132095265999149
0.94133500456260000
0.94132834866171222
0.94129225301900055
0.94123346362648697
0.94116835340051397
0.94111262215844005
0.94107419982036378
0.94105287239284652
0.94104460285208658
0.94104591169947360
0.94105522134018060
0.94107151158110713
0.94109274570445189
0.94111591548870466
0.94113844696102522
0.94115934920925237
0.94117895936625573
0.94119763701226899
0.94121470675471952
0.94122856031184232
0.94123768419449627
0.94124162467776618
0.94124112334712751
0.94123747338571206
0.94123174658100717
0.94122447482652494
0.94121585443217559
0.94120611944218979
0.94119572743014079
0.94118529523167094
0.94117545652040269
0.94116678358281680
0.94115974112881540
0.94115458084620418
0.94115122340383295
0.94114930949508491
0.94114849409699763
0.94114876005056181
0.94115039258410194
0.94115354978223320
0.94115786359412179
0.94116261943693391
0.94116748066319267
0.94117293804868352
0.94117964820378752
0.94118697638432214
0.94119238291654961
0.94119311164876074
0.94118941306400472
0.94118599872782793
0.94118880460636334
0.94119834202069941
0.94120565531285660
0.94119734374299369
0.94116846648962260
0.94113284338454517
0.94111911204799892
0.94114832616233424
0.94120994683324621
0.94125889556187770
0.94123868868890104
0.94113161848566362
0.94098361011423670
0.94088007629503367
0.94091499672509815
0.94107839237591928
0.94125198759484185
0.94128841603015689
0.94082288013599558
0.93869631072522086
0.93213325172146788
0.91982380134259456
0.90380031476915323
0.88793523024945475
0.87609001083141769
0.87009497721748386
0.86859520740121499
0.86887128050758289
0.86980264375657668
0.87097840276461036
0.87207288783228698
0.87284747211460956
0.87319133665865656
0.87313510969833708
0.87280131440994269
0.87233478714253332
0.87187393391866386
0.87152679305674663
0.87135092383051671
0.87134851310403638
0.87147971904991284
0.87168712129738601
0.87191589515255008
0.87212290763031886
0.87227739651943026
0.87235986321234549
0.87236432149832221
0.87230182371503384
0.87219873505748791
0.87208700797352057
0.87199160565566136
0.87192388074916982
0.87188488889992755
0.87187369418395833
0.87189160891297113
0.87193826214273840
0.87200457514348084
0.87207176319708191
0.87211983747387789
0.87213913041536795
0.87213440150177945
0.87211768610331164
0.87209691130143074
0.87207133762304234
0.87203774372634268
0.87200007244126887
0.87197146336878761
0.87196530322197385
0.87198349960671639
0.87201378762713500
0.87203946599666160
0.87205266875841625
0.87205852225861591
0.87206647947265037
0.87207807510668800
0.87208406623952928
0.87207421259991513
0.87204964384923067
0.87202469449095132
0.87201535952772347
0.87202497546791546
0.87204148346288624
0.87204976463049588
0.87204633546149324
0.87204117256170766
0.87204648789544992
0.87206367836801435
0.87207864733116502
0.87207405329484311
0.87205140338773990
0.87202983143402724
0.87201994234876934
0.87202307739122964
0.87204250631589419
0.87205368247486292
0.87202588834010120
0.87201411622216440
0.87206169039609427
0.87204995168616717
0.87198128252242435
0.87208199449797530
0.87212487868179522
0.87104557826793150
0.86095124004233081
0.70144829424496957
0.36541726474639019
0.25526313423619662
0.25046826903230340
0.24998888410185585
0.24999489139180339
0.25001876527119049
0.25000228530074914
0.24999758985830159
0.24999988354639566
0.25000041730550843
0.25000001077527306
0.24999993440389287
0.25000000098987013
0.25000001053535431
0.24999999948274523
0.24999999834649200
0.25000000015242690
0.25000000026779606
0.24999999997465233
0.24999999996678521
0.25000000001388500
0.25000000001337225
0.25000000000580269
0.25000000000610456
0.25000000000724820
0.25000000000710226
0.25000000000686623
0.25000000000683958
0.25000000000682104
0.25000000000679051
0.25000000000674910
0.25000000000670525
0.25000000000666101
0.25000000000661637
0.25000000000657141
0.25000000000652672
0.25000000000648226
0.25000000000643829
0.25000000000639444
0.25000000000635053
0.25000000000630646
0.25000000000626232
0.25000000000621819
0.25000000000617345
0.25000000000612821
0.25000000000608330
0.25000000000603839
0.25000000000599221
0.25000000000594585
0.25000000000589973
0.25000000000585376
0.25000000000580797
0.25000000000576267
0.25000000000571682
0.25000000000567119
0.25000000000562578
0.25000000000558048
0.25000000000553507
0.25000000000548933
0.25000000000544359
0.25000000000539790
0.25000000000535255
0.25000000000530692
0.25000000000526107
0.25000000000521427
0.25000000000516887
0.25000000000512240
0.25000000000505890
0.25000000000507638
0.25000000000492928
0.25000000000465306
0.25000000000626121
0.25000000000000000
0.25000000000000000
0.25000000000000000
