8
1
6
101
0.00000000000000000
0.00138312586445367
0.00276625172890733
0.00414937759336100
0.00553250345781466
0.00691562932226833
0.00829875518672199
0.00968188105117566
0.01106500691562932
0.01244813278008299
0.01383125864453665
0.01521438450899032
0.01659751037344398
0.01798063623789765
0.01936376210235131
0.02074688796680498
0.02213001383125865
0.02351313969571231
0.02489626556016598
0.02627939142461964
0.02766251728907331
0.02904564315352697
0.03042876901798064
0.03181189488243431
0.03319502074688797
0.03457814661134163
0.03596127247579530
0.03734439834024896
0.03872752420470263
0.04011065006915630
0.04149377593360996
0.04287690179806362
0.04426002766251729
0.04564315352697096
0.04702627939142462
0.04840940525587829
0.04979253112033195
0.05117565698478562
0.05255878284923928
0.05394190871369295
0.05532503457814662
0.05670816044260028
0.05809128630705394
0.05947441217150761
0.06085753803596128
0.06224066390041494
0.06362378976486861
0.06500691562932227
0.06639004149377593
0.06777316735822961
0.06915629322268327
0.07053941908713693
0.07192254495159060
0.07330567081604426
0.07468879668049792
0.07607192254495160
0.07745504840940526
0.07883817427385892
0.08022130013831259
0.08160442600276625
0.08298755186721993
0.08437067773167359
0.08575380359612725
0.08713692946058092
0.08852005532503458
0.08990318118948824
0.09128630705394192
0.09266943291839558
0.09405255878284924
0.09543568464730291
0.09681881051175657
0.09820193637621025
0.09958506224066391
0.10096818810511757
0.10235131396957124
0.10373443983402490
0.10511756569847856
0.10650069156293224
0.10788381742738590
0.10926694329183956
0.11065006915629323
0.11203319502074689
0.11341632088520055
0.11479944674965423
0.11618257261410789
0.11756569847856156
0.11894882434301522
0.12033195020746888
0.12171507607192256
0.12309820193637622
0.12448132780082988
0.12586445366528354
0.12724757952973723
0.12863070539419089
0.13001383125864455
0.13139695712309821
0.13278008298755187
0.13416320885200553
0.13554633471645922
0.13692946058091288
0.13831258644536654
0.00000000000000000
0.00000000000000000
0.00000000000000000
0.00000000000000000
0.00000000000000000
0.00000000000000000
0.00000000000000000
0.00000000000000000
0.00000000000000000
0.00000000000000000
0.00000000000000000
0.00000000000000000
0.00000000000000000
0.00000000000000000
0.00000000000000000
0.00000000000000000
0.00000000000000000
0.00000000000000000
0.00000000000000000
0.00000000000000000
0.00000000000000000
0.00000000000000000
0.00000000000000000
0.00000000000000000
0.00000000000000000
0.00000000000000000
0.00000000000000000
0.00000000000000000
0.00000000000000000
0.00000000000000000
0.00000000000000000
0.00000000000000000
0.00000000000000000
0.00000000000000000
0.00000000000000000
0.00000000000000000
0.00000000000000000
0.00000000000000000
0.00000000000000000
0.00000000000000000
0.00000000000000000
0.00000000000000000
0.00000000000000000
0.00000000000000000
0.00000000000000000
0.00000000000000000
0.00000000000000000
0.00000000000000000
0.00000000000000000
0.00000000000000000
0.00000000000000000
0.00000000000000000
0.00000000000000000
0.00000000000000000
0.00000000000000000
0.00000000000000000
0.00000000000000000
0.00000000000000000
0.00000000000000000
0.00000000000000000
0.00000000000000000
0.00000000000000000
0.00000000000000000
0.00000000000000000
0.00000000000000000
0.00000000000000000
0.00000000000000000
0.00000000000000000
0.00000000000000000
0.00000000000000000
0.00000000000000000
0.00000000000000000
0.00000000000000000
0.00000000000000000
0.00000000000000000
0.00000000000000000
0.00000000000000000
0.00000000000000000
0.00000000000000000
0.00000000000000000
0.00000000000000000
0.00000000000000000
0.00000000000000000
0.00000000000000000
0.00000000000000000
0.00000000000000000
0.00000000000000000
0.00000000000000000
0.00000000000000000
0.00000000000000000
0.00000000000000000
0.00000000000000000
0.00000000000000000
0.00000000000000000
0.00000000000000000
0.00000000000000000
0.00000000000000000
0.00000000000000000
0.00000000000000000
0.00000000000000000
0.00000000000000000
101
0.12309820193637622
0.12448132780082988
0.12586445366528354
0.12724757952973723
0.12863070539419089
0.13001383125864455
0.13139695712309821
0.13278008298755187
0.13416320885200553
0.13554633471645922
0.13692946058091288
0.13831258644536654
0.13969571230982020
0.14107883817427386
0.14246196403872752
0.14384508990318121
0.14522821576763487
0.14661134163208853
0.14799446749654219
0.14937759336099585
0.15076071922544954
0.15214384508990320
0.15352697095435686
0.15491009681881052
0.15629322268326418
0.15767634854771784
0.15905947441217153
0.16044260027662519
0.16182572614107885
0.16320885200553251
0.16459197786998619
0.16597510373443985
0.16735822959889352
0.16874135546334718
0.17012448132780084
0.17150760719225450
0.17289073305670816
0.17427385892116184
0.17565698478561551
0.17704011065006917
0.17842323651452283
0.17980636237897649
0.18118948824343017
0.18257261410788383
0.18395573997233750
0.18533886583679116
0.18672199170124482
0.18810511756569848
0.18948824343015214
0.19087136929460582
0.19225449515905949
0.19363762102351315
0.19502074688796683
0.19640387275242049
0.19778699861687415
0.19917012448132781
0.20055325034578148
0.20193637621023514
0.20331950207468880
0.20470262793914246
0.20608575380359614
0.20746887966804980
0.20885200553250347
0.21023513139695715
0.21161825726141081
0.21300138312586447
0.21438450899031813
0.21576763485477179
0.21715076071922546
0.21853388658367912
0.21991701244813278
0.22130013831258646
0.22268326417704012
0.22406639004149378
0.22544951590594747
0.22683264177040113
0.22821576763485479
0.22959889349930845
0.23098201936376211
0.23236514522821577
0.23374827109266944
0.23513139695712310
0.23651452282157676
0.23789764868603044
0.23928077455048410
0.24066390041493779
0.24204702627939145
0.24343015214384511
0.24481327800829877
0.24619640387275243
0.24757952973720609
0.24896265560165975
0.25034578146611342
0.25172890733056708
0.25311203319502074
0.25449515905947440
0.25587828492392806
0.25726141078838172
0.25864453665283543
0.26002766251728909
0.26141078838174275
0.00000000000000000
0.00000000000000000
0.00000000000000000
0.00000000000000000
0.00000000000000000
0.00000000000000000
0.00000000000000000
0.00000000000000000
0.00000000000000000
0.00000000000000000
0.00000000000000000
0.00000000000000000
0.00000000000000000
0.00000000000000000
0.00000000000000000
0.00000000000000000
0.00000000000000000
0.00000000000000000
0.00000000000000000
0.00000000000000000
0.00000000000000000
0.00000000000000000
0.00000000000000000
0.00000000000000000
0.00000000000000000
0.00000000000000000
0.00000000000000000
0.00000000000000000
0.00000000000000000
0.00000000000000000
0.00000000000000000
0.00000000000000000
0.00000000000000000
0.00000000000000000
0.00000000000000000
0.00000000000000000
0.00000000000000000
0.00000000000000000
0.00000000000000000
0.00000000000000000
0.00000000000000000
0.00000000000000000
0.00000000000000000
0.00000000000000000
0.00000000000000000
0.00000000000000000
0.00000000000000000
0.00000000000000000
0.00000000000000000
0.00000000000000000
0.00000000000000000
0.00000000000000000
0.00000000000000000
0.00000000000000000
0.00000000000000000
0.00000000000000000
0.00000000000000000
0.00000000000000000
0.00000000000000000
0.00000000000000000
0.00000000000000000
0.00000000000000000
0.00000000000000000
0.00000000000000000
0.00000000000000000
0.00000000000000000
0.00000000000000000
0.00000000000000000
0.00000000000000000
0.00000000000000000
0.00000000000000000
0.00000000000000000
0.00000000000000000
0.00000000000000000
0.00000000000000000
0.00000000000000000
0.00000000000000000
0.00000000000000000
0.00000000000000000
0.00000000000000000
0.00000000000000000
0.00000000000000000
0.00000000000000000
0.00000000000000000
0.00000000000000000
0.00000000000000000
0.00000000000000000
0.00000000000000000
0.00000000000000000
0.00000000000000000
0.00000000000000000
0.00000000000000000
0.00000000000000000
0.00000000000000000
0.00000000000000000
0.00000000000000000
0.00000000000000000
0.00000000000000000
0.00000000000000000
0.00000000000000000
0.00000000000000000
101
0.24619640387275243
0.24757952973720609
0.24896265560165975
0.25034578146611342
0.25172890733056708
0.25311203319502074
0.25449515905947445
0.25587828492392811
0.25726141078838177
0.25864453665283543
0.26002766251728909
0.26141078838174275
0.26279391424619641
0.26417704011065007
0.26556016597510373
0.26694329183955740
0.26832641770401106
0.26970954356846477
0.27109266943291843
0.27247579529737209
0.27385892116182575
0.27524204702627941
0.27662517289073307
0.27800829875518673
0.27939142461964039
0.28077455048409405
0.28215767634854771
0.28354080221300137
0.28492392807745504
0.28630705394190875
0.28769017980636241
0.28907330567081607
0.29045643153526973
0.29183955739972339
0.29322268326417705
0.29460580912863071
0.29598893499308437
0.29737206085753803
0.29875518672199169
0.30013831258644541
0.30152143845089907
0.30290456431535273
0.30428769017980639
0.30567081604426005
0.30705394190871371
0.30843706777316737
0.30982019363762103
0.31120331950207469
0.31258644536652835
0.31396957123098201
0.31535269709543567
0.31673582295988933
0.31811894882434305
0.31950207468879671
0.32088520055325037
0.32226832641770403
0.32365145228215769
0.32503457814661135
0.32641770401106501
0.32780082987551867
0.32918395573997239
0.33056708160442605
0.33195020746887971
0.33333333333333337
0.33471645919778703
0.33609958506224069
0.33748271092669435
0.33886583679114801
0.34024896265560167
0.34163208852005533
0.34301521438450899
0.34439834024896265
0.34578146611341631
0.34716459197786997
0.34854771784232369
0.34993084370677735
0.35131396957123101
0.35269709543568467
0.35408022130013833
0.35546334716459199
0.35684647302904565
0.35822959889349931
0.35961272475795297
0.36099585062240669
0.36237897648686035
0.36376210235131401
0.36514522821576767
0.36652835408022133
0.36791147994467499
0.36929460580912865
0.37067773167358231
0.37206085753803597
0.37344398340248963
0.37482710926694329
0.37621023513139695
0.37759336099585061
0.37897648686030427
0.38035961272475793
0.38174273858921165
0.38312586445366531
0.38450899031811897
0.00000000000000000
0.00000000000000000
0.00000000000000000
0.00000000000000000
0.00000000000000000
0.00000000000000000
0.00000000000000000
0.00000000000000000
0.00000000000000000
0.00000000000000000
0.00000000000000000
0.00000000000000000
0.00000000000000000
0.00000000000000000
0.00000000000000000
0.00000000000000000
0.00000000000000000
0.00000000000000000
0.00000000000000000
0.00000000000000000
0.00000000000000000
0.00000000000000000
0.00000000000000000
0.00000000000000000
0.00000000000000000
0.00000000000000000
0.00000000000000000
0.00000000000000000
0.00000000000000000
0.00000000000000000
0.00000000000000000
0.00000000000000000
0.00000000000000000
0.00000000000000000
0.00000000000000000
0.00000000000000000
0.00000000000000000
0.00000000000000000
0.00000000000000000
0.00000000000000000
0.00000000000000000
0.00000000000000000
0.00000000000000000
0.00000000000000000
0.00000000000000000
0.00000000000000000
0.00000000000000000
0.00000000000000000
0.00000000000000000
0.00000000000000000
0.00000000000000000
0.00000000000000000
0.00000000000000000
0.00000000000000000
0.00000000000000000
0.00000000000000000
0.00000000000000000
0.00000000000000000
0.00000000000000000
0.00000000000000000
0.00000000000000000
0.00000000000000000
0.00000000000000000
0.00000000000000000
0.00000000000000000
0.00000000000000000
0.00000000000000000
0.00000000000000000
0.00000000000000000
0.00000000000000000
0.00000000000000000
0.00000000000000000
0.00000000000000000
0.00000000000000000
0.00000000000000000
0.00000000000000000
0.00000000000000000
0.00000000000000000
0.00000000000000000
0.00000000000000000
0.00000000000000000
0.00000000000000000
0.00000000000000000
0.00000000000000000
0.00000000000000000
0.00000000000000000
0.00000000000000000
0.00000000000000000
0.00000000000000000
0.00000000000000000
0.00000000000000000
0.00000000000000000
0.00000000000000000
0.00000000000000000
0.00000000000000000
0.00000000000000000
0.00000000000000000
0.00000000000000000
0.00000000000000000
0.00000000000000000
0.00000000000000000
101
0.36929460580912865
0.37067773167358231
0.37206085753803597
0.37344398340248963
0.37482710926694329
0.37621023513139695
0.37759336099585061
0.37897648686030433
0.38035961272475799
0.38174273858921165
0.38312586445366531
0.38450899031811897
0.38589211618257263
0.38727524204702629
0.38865836791147995
0.39004149377593361
0.39142461964038727
0.39280774550484093
0.39419087136929459
0.39557399723374831
0.39695712309820197
0.39834024896265563
0.39972337482710929
0.40110650069156295
0.40248962655601661
0.40387275242047027
0.40525587828492393
0.40663900414937759
0.40802213001383125
0.40940525587828491
0.41078838174273857
0.41217150760719223
0.41355463347164589
0.41493775933609961
0.41632088520055327
0.41770401106500693
0.41908713692946059
0.42047026279391425
0.42185338865836791
0.42323651452282157
0.42461964038727523
0.42600276625172889
0.42738589211618255
0.42876901798063621
0.43015214384508993
0.43153526970954359
0.43291839557399725
0.43430152143845091
0.43568464730290457
0.43706777316735823
0.43845089903181189
0.43983402489626555
0.44121715076071921
0.44260027662517287
0.44398340248962653
0.44536652835408019
0.44674965421853385
0.44813278008298751
0.44951590594744117
0.45089903181189483
0.45228215767634855
0.45366528354080221
0.45504840940525587
0.45643153526970953
0.45781466113416319
0.45919778699861685
0.46058091286307051
0.46196403872752417
0.46334716459197783
0.46473029045643155
0.46611341632088521
0.46749654218533887
0.46887966804979253
0.47026279391424619
0.47164591977869985
0.47302904564315351
0.47441217150760717
0.47579529737206083
0.47717842323651449
0.47856154910096815
0.47994467496542181
0.48132780082987547
0.48271092669432913
0.48409405255878279
0.48547717842323646
0.48686030428769017
0.48824343015214383
0.48962655601659749
0.49100968188105115
0.49239280774550481
0.49377593360995847
0.49515905947441213
0.49654218533886579
0.49792531120331951
0.49930843706777317
0.50069156293222683
0.50207468879668049
0.50345781466113415
0.50484094052558781
0.50622406639004147
0.50760719225449513
0.00000000000000000
0.00000000000000000
0.00000000000000000
0.00000000000000000
0.00000000000000000
0.00000000000000000
0.00000000000000000
0.00000000000000000
0.00000000000000000
0.00000000000000000
0.00000000000000000
0.00000000000000000
0.00000000000000000
0.00000000000000000
0.00000000000000000
0.00000000000000000
0.00000000000000000
0.00000000000000000
0.00000000000000000
0.00000000000000000
0.00000000000000000
0.00000000000000000
0.00000000000000000
0.00000000000000000
0.00000000000000000
0.00000000000000000
0.00000000000000000
0.00000000000000000
0.00000000000000000
0.00000000000000000
0.00000000000000000
0.00000000000000000
0.00000000000000000
0.00000000000000000
0.00000000000000000
0.00000000000000000
0.00000000000000000
0.00000000000000000
0.00000000000000000
0.00000000000000000
0.00000000000000000
0.00000000000000000
0.00000000000000000
0.00000000000000000
0.00000000000000000
0.00000000000000000
0.00000000000000000
0.00000000000000000
0.00000000000000000
0.00000000000000000
0.00000000000000000
0.00000000000000000
0.00000000000000000
0.00000000000000000
0.00000000000000000
0.00000000000000000
0.00000000000000000
0.00000000000000000
0.00000000000000000
0.00000000000000000
0.00000000000000000
0.00000000000000000
0.00000000000000000
0.00000000000000000
0.00000000000000000
0.00000000000000000
0.00000000000000000
0.00000000000000000
0.00000000000000000
0.00000000000000000
0.00000000000000000
0.00000000000000000
0.00000000000000000
0.00000000000000000
0.00000000000000000
0.00000000000000000
0.00000000000000000
0.00000000000000000
0.00000000000000000
0.00000000000000000
0.00000000000000000
0.00000000000000000
0.00000000000000000
0.00000000000000000
0.00000000000000000
0.00000000000000000
0.00000000000000000
0.00000000000000000
0.00000000000000000
0.00000000000000000
0.00000000000000000
0.00000000000000000
0.00000000000000000
0.00000000000000000
0.00000000000000000
0.00000000000000000
0.00000000000000000
0.00000000000000000
0.00000000000000000
0.00000000000000000
0.00000000000000000
101
0.49239280774550487
0.49377593360995853
0.49515905947441219
0.49654218533886585
0.49792531120331951
0.49930843706777317
0.50069156293222683
0.50207468879668049
0.50345781466113415
0.50484094052558781
0.50622406639004147
0.50760719225449513
0.50899031811894879
0.51037344398340245
0.51175656984785622
0.51313969571230988
0.51452282157676354
0.51590594744121721
0.51728907330567087
0.51867219917012453
0.52005532503457819
0.52143845089903185
0.52282157676348551
0.52420470262793917
0.52558782849239283
0.52697095435684649
0.52835408022130015
0.52973720608575381
0.53112033195020747
0.53250345781466113
0.53388658367911479
0.53526970954356845
0.53665283540802211
0.53803596127247577
0.53941908713692943
0.54080221300138309
0.54218533886583675
0.54356846473029041
0.54495159059474418
0.54633471645919784
0.54771784232365150
0.54910096818810517
0.55048409405255883
0.55186721991701249
0.55325034578146615
0.55463347164591981
0.55601659751037347
0.55739972337482713
0.55878284923928079
0.56016597510373445
0.56154910096818811
0.56293222683264177
0.56431535269709543
0.56569847856154909
0.56708160442600275
0.56846473029045641
0.56984785615491007
0.57123098201936373
0.57261410788381739
0.57399723374827105
0.57538035961272471
0.57676348547717837
0.57814661134163203
0.57952973720608569
0.58091286307053935
0.58229598893499301
0.58367911479944679
0.58506224066390045
0.58644536652835411
0.58782849239280777
0.58921161825726143
0.59059474412171509
0.59197786998616875
0.59336099585062241
0.59474412171507607
0.59612724757952973
0.59751037344398339
0.59889349930843705
0.60027662517289071
0.60165975103734437
0.60304287690179803
0.60442600276625169
0.60580912863070535
0.60719225449515901
0.60857538035961267
0.60995850622406633
0.61134163208851999
0.61272475795297365
0.61410788381742742
0.61549100968188108
0.61687413554633475
0.61825726141078841
0.61964038727524207
0.62102351313969573
0.62240663900414939
0.62378976486860305
0.62517289073305671
0.62655601659751037
0.62793914246196403
0.62932226832641769
0.63070539419087135
0.00000000000000000
0.00000000000000000
0.00000000000000000
0.00000000000000000
0.00000000000000000
0.00000000000000000
0.00000000000000000
0.00000000000000000
0.00000000000000000
0.00000000000000000
0.00000000000000000
0.00000000000000000
0.00000000000000000
0.00000000000000000
0.00000000000000000
0.00000000000000000
0.00000000000000000
0.00000000000000000
0.00000000000000000
0.00000000000000000
0.00000000000000000
0.00000000000000000
0.00000000000000000
0.00000000000000000
0.00000000000000000
0.00000000000000000
0.00000000000000000
0.00000000000000000
0.00000000000000000
0.00000000000000000
0.00000000000000000
0.00000000000000000
0.00000000000000000
0.00000000000000000
0.00000000000000000
0.00000000000000000
0.00000000000000000
0.00000000000000000
0.00000000000000000
0.00000000000000000
0.00000000000000000
0.00000000000000000
0.00000000000000000
0.00000000000000000
0.00000000000000000
0.00000000000000000
0.00000000000000000
0.00000000000000000
0.00000000000000000
0.00000000000000000
0.00000000000000000
0.00000000000000000
0.00000000000000000
0.00000000000000000
0.00000000000000000
0.00000000000000000
0.00000000000000000
0.00000000000000000
0.00000000000000000
0.00000000000000000
0.00000000000000000
0.00000000000000000
0.00000000000000000
0.00000000000000000
0.00000000000000000
0.00000000000000000
0.00000000000000000
0.00000000000000000
0.00000000000000000
0.00000000000000000
0.00000000000000000
0.00000000000000000
0.00000000000000000
0.00000000000000000
0.00000000000000000
0.00000000000000000
0.00000000000000000
0.00000000000000000
0.00000000000000000
0.00000000000000000
0.00000000000000000
0.00000000000000000
0.00000000000000000
0.00000000000000000
0.00000000000000000
0.00000000000000000
0.00000000000000000
0.00000000000000000
0.00000000000000000
0.00000000000000000
0.00000000000000000
0.00000000000000000
0.00000000000000000
0.00000000000000000
0.00000000000000000
0.00000000000000000
0.00000000000000000
0.00000000000000000
0.00000000000000000
0.00000000000000000
0.00000000000000000
101
0.61549100968188108
0.61687413554633475
0.61825726141078841
0.61964038727524207
0.62102351313969573
0.62240663900414939
0.62378976486860305
0.62517289073305671
0.62655601659751037
0.62793914246196403
0.62932226832641769
0.63070539419087135
0.63208852005532501
0.63347164591977867
0.63485477178423244
0.63623789764868610
0.63762102351313976
0.63900414937759342
0.64038727524204708
0.64177040110650074
0.64315352697095440
0.64453665283540806
0.64591977869986172
0.64730290456431538
0.64868603042876904
0.65006915629322271
0.65145228215767637
0.65283540802213003
0.65421853388658369
0.65560165975103735
0.65698478561549101
0.65836791147994467
0.65975103734439833
0.66113416320885199
0.66251728907330565
0.66390041493775931
0.66528354080221297
0.66666666666666663
0.66804979253112040
0.66943291839557406
0.67081604426002772
0.67219917012448138
0.67358229598893504
0.67496542185338870
0.67634854771784236
0.67773167358229602
0.67911479944674968
0.68049792531120334
0.68188105117565700
0.68326417704011067
0.68464730290456433
0.68603042876901799
0.68741355463347165
0.68879668049792531
0.69017980636237897
0.69156293222683263
0.69294605809128629
0.69432918395573995
0.69571230982019361
0.69709543568464727
0.69847856154910093
0.69986168741355459
0.70124481327800825
0.70262793914246191
0.70401106500691557
0.70539419087136923
0.70677731673582300
0.70816044260027666
0.70954356846473032
0.71092669432918398
0.71230982019363764
0.71369294605809130
0.71507607192254496
0.71645919778699863
0.71784232365145229
0.71922544951590595
0.72060857538035961
0.72199170124481327
0.72337482710926693
0.72475795297372059
0.72614107883817425
0.72752420470262791
0.72890733056708157
0.73029045643153523
0.73167358229598889
0.73305670816044255
0.73443983402489621
0.73582295988934987
0.73720608575380364
0.73858921161825730
0.73997233748271096
0.74135546334716462
0.74273858921161828
0.74412171507607194
0.74550484094052560
0.74688796680497926
0.74827109266943292
0.74965421853388658
0.75103734439834025
0.75242047026279391
0.75380359612724757
0.00000000000000000
0.00000000000000000
0.00000000000000000
0.00000000000000000
0.00000000000000000
0.00000000000000000
0.00000000000000000
0.00000000000000000
0.00000000000000000
0.00000000000000000
0.00000000000000000
0.00000000000000000
0.00000000000000000
0.00000000000000000
0.00000000000000000
0.00000000000000000
0.00000000000000000
0.00000000000000000
0.00000000000000000
0.00000000000000000
0.00000000000000000
0.00000000000000000
0.00000000000000000
0.00000000000000000
0.00000000000000000
0.00000000000000000
0.00000000000000000
0.00000000000000000
0.00000000000000000
0.00000000000000000
0.00000000000000000
0.00000000000000000
0.00000000000000000
0.00000000000000000
0.00000000000000000
0.00000000000000000
0.00000000000000000
0.00000000000000000
0.00000000000000000
0.00000000000000000
0.00000000000000000
0.00000000000000000
0.00000000000000000
0.00000000000000000
0.00000000000000000
0.00000000000000000
0.00000000000000000
0.00000000000000000
0.00000000000000000
0.00000000000000000
0.00000000000000000
0.00000000000000000
0.00000000000000000
0.00000000000000000
0.00000000000000000
0.00000000000000000
0.00000000000000000
0.00000000000000000
0.00000000000000000
0.00000000000000000
0.00000000000000000
0.00000000000000000
0.00000000000000000
0.00000000000000000
0.00000000000000000
0.00000000000000000
0.00000000000000000
0.00000000000000000
0.00000000000000000
0.00000000000000000
0.00000000000000000
0.00000000000000000
0.00000000000000000
0.00000000000000000
0.00000000000000000
0.00000000000000000
0.00000000000000000
0.00000000000000000
0.00000000000000000
0.00000000000000000
0.00000000000000000
0.00000000000000000
0.00000000000000000
0.00000000000000000
0.00000000000000000
0.00000000000000000
0.00000000000000000
0.00000000000000000
0.00000000000000000
0.00000000000000000
0.00000000000000000
0.00000000000000000
0.00000000000000000
0.00000000000000000
0.00000000000000000
0.00000000000000000
0.00000000000000000
0.00000000000000000
0.00000000000000000
0.00000000000000000
0.00000000000000000
101
0.73858921161825730
0.73997233748271096
0.74135546334716462
0.74273858921161828
0.74412171507607194
0.74550484094052560
0.74688796680497926
0.74827109266943292
0.74965421853388658
0.75103734439834025
0.75242047026279391
0.75380359612724757
0.75518672199170123
0.75656984785615489
0.75795297372060866
0.75933609958506232
0.76071922544951598
0.76210235131396964
0.76348547717842330
0.76486860304287696
0.76625172890733062
0.76763485477178428
0.76901798063623794
0.77040110650069160
0.77178423236514526
0.77316735822959892
0.77455048409405258
0.77593360995850624
0.77731673582295990
0.77869986168741356
0.78008298755186722
0.78146611341632088
0.78284923928077454
0.78423236514522821
0.78561549100968187
0.78699861687413553
0.78838174273858919
0.78976486860304285
0.79114799446749662
0.79253112033195028
0.79391424619640394
0.79529737206085760
0.79668049792531126
0.79806362378976492
0.79944674965421858
0.80082987551867224
0.80221300138312590
0.80359612724757956
0.80497925311203322
0.80636237897648688
0.80774550484094054
0.80912863070539420
0.81051175656984786
0.81189488243430152
0.81327800829875518
0.81466113416320884
0.81604426002766250
0.81742738589211617
0.81881051175656983
0.82019363762102349
0.82157676348547715
0.82295988934993081
0.82434301521438447
0.82572614107883813
0.82710926694329179
0.82849239280774545
0.82987551867219922
0.83125864453665288
0.83264177040110654
0.83402489626556020
0.83540802213001386
0.83679114799446752
0.83817427385892118
0.83955739972337484
0.84094052558782850
0.84232365145228216
0.84370677731673582
0.84508990318118948
0.84647302904564314
0.84785615491009680
0.84923928077455046
0.85062240663900412
0.85200553250345779
0.85338865836791145
0.85477178423236511
0.85615491009681877
0.85753803596127243
0.85892116182572609
0.86030428769017986
0.86168741355463352
0.86307053941908718
0.86445366528354084
0.86583679114799450
0.86721991701244816
0.86860304287690182
0.86998616874135548
0.87136929460580914
0.87275242047026280
0.87413554633471646
0.87551867219917012
0.87690179806362378
0.00000000000000000
0.00000000000000000
0.00000000000000000
0.00000000000000000
0.00000000000000000
0.00000000000000000
0.00000000000000000
0.00000000000000000
0.00000000000000000
0.00000000000000000
0.00000000000000000
0.00000000000000000
0.00000000000000000
0.00000000000000000
0.00000000000000000
0.00000000000000000
0.00000000000000000
0.00000000000000000
0.00000000000000000
0.00000000000000000
0.00000000000000000
0.00000000000000000
0.00000000000000000
0.00000000000000000
0.00000000000000000
0.00000000000000000
0.00000000000000000
0.00000000000000000
0.00000000000000000
0.00000000000000000
0.00000000000000000
0.00000000000000000
0.00000000000000000
0.00000000000000000
0.00000000000000000
0.00000000000000000
0.00000000000000000
0.00000000000000000
0.00000000000000000
0.00000000000000000
0.00000000000000000
0.00000000000000000
0.00000000000000000
0.00000000000000000
0.00000000000000000
0.00000000000000000
0.00000000000000000
0.00000000000000000
0.00000000000000000
0.00000000000000000
0.00000000000000000
0.00000000000000000
0.00000000000000000
0.00000000000000000
0.00000000000000000
0.00000000000000000
0.00000000000000000
0.00000000000000000
0.00000000000000000
0.00000000000000000
0.00000000000000000
0.00000000000000000
0.00000000000000000
0.00000000000000000
0.00000000000000000
0.00000000000000000
0.00000000000000000
0.00000000000000000
0.00000000000000000
0.00000000000000000
0.00000000000000000
0.00000000000000000
0.00000304811528103
0.00001182708829167
0.00003137376021710
0.00006847720537188
0.00012475960403580
0.00019952987164424
0.00028681831210897
0.00037609665126976
0.00045556957709010
0.00051441673006597
0.00053605044755533
0.00050138605539789
0.00040629198479366
0.00028029908587915
0.00018550128772630
0.00013894396714433
0.00010453635405161
0.00007686858251723
0.00005647918256002
0.00004269551209664
0.00003401491595802
0.00002839033022082
0.00002425289518348
0.00002007592592622
0.00001513263770629
0.00000985684149158
0.00000494482266245
0.00000135088609747
0.00000000000000000
101
0.86168741355463352
0.86307053941908718
0.86445366528354084
0.86583679114799450
0.86721991701244816
0.86860304287690182
0.86998616874135548
0.87136929460580914
0.87275242047026280
0.87413554633471646
0.87551867219917012
0.87690179806362378
0.87828492392807744
0.87966804979253110
0.88105117565698488
0.88243430152143854
0.88381742738589220
0.88520055325034586
0.88658367911479952
0.88796680497925318
0.88934993084370684
0.89073305670816050
0.89211618257261416
0.89349930843706782
0.89488243430152148
0.89626556016597514
0.89764868603042880
0.89903181189488246
0.90041493775933612
0.90179806362378978
0.90318118948824344
0.90456431535269710
0.90594744121715076
0.90733056708160442
0.90871369294605808
0.91009681881051174
0.91147994467496540
0.91286307053941906
0.91424619640387284
0.91562932226832650
0.91701244813278016
0.91839557399723382
0.91977869986168748
0.92116182572614114
0.92254495159059480
0.92392807745504846
0.92531120331950212
0.92669432918395578
0.92807745504840944
0.92946058091286310
0.93084370677731676
0.93222683264177042
0.93360995850622408
0.93499308437067774
0.93637621023513140
0.93775933609958506
0.93914246196403872
0.94052558782849238
0.94190871369294604
0.94329183955739970
0.94467496542185336
0.94605809128630702
0.94744121715076068
0.94882434301521434
0.95020746887966800
0.95159059474412167
0.95297372060857544
0.95435684647302910
0.95573997233748276
0.95712309820193642
0.95850622406639008
0.95988934993084374
0.96127247579529740
0.96265560165975106
0.96403872752420472
0.96542185338865838
0.96680497925311204
0.96818810511756570
0.96957123098201936
0.97095435684647302
0.97233748271092668
0.97372060857538034
0.97510373443983400
0.97648686030428766
0.97786998616874132
0.97925311203319498
0.98063623789764864
0.98201936376210230
0.98340248962655608
0.98478561549100974
0.98616874135546340
0.98755186721991706
0.98893499308437072
0.99031811894882438
0.99170124481327804
0.99308437067773170
0.99446749654218536
0.99585062240663902
0.99723374827109268
0.99861687413554634
1.00000000000000000
0.00007686858251723
0.00005647918256002
0.00004269551209664
0.00003401491595802
0.00002839033022082
0.00002425289518348
0.00002007592592622
0.00001513263770629
0.00000985684149158
0.00000494482266245
0.00000135088609747
0.00000000000000000
0.00000000000000000
0.00000000000000000
0.00000000000000000
0.00000000000000000
0.00000000000000000
0.00000000000000000
0.00000000000000000
0.00000000000000000
0.00000000000000000
0.00000000000000000
0.00000000000000000
0.00000000000000000
0.00000000000000000
0.00000000000000000
0.00000000000000000
0.00000000000000000
0.00000000000000000
0.00000000000000000
0.00000000000000000
0.00000000000000000
0.00000000000000000
0.00000000000000000
0.00000000000000000
0.00000000000000000
0.00000000000000000
0.00000000000000000
0.00000000000000000
0.00000000000000000
0.00000000000000000
0.00000000000000000
0.00000000000000000
0.00000000000000000
0.00000000000000000
0.00000000000000000
0.00000000000000000
0.00000000000000000
0.00000000000000000
0.00000000000000000
0.00000000000000000
0.00000000000000000
0.00000000000000000
0.00000000000000000
0.00000000000000000
0.00000000000000000
0.00000000000000000
0.00000000000000000
0.00000000000000000
0.00000000000000000
0.00000000000000000
0.00000000000000000
0.00000000000000000
0.00000000000000000
0.00000000000000000
0.00000000000000000
0.00000000000000000
0.00000000000000000
0.00000000000000000
0.00000000000000000
0.00000000000000000
0.00000000000000000
0.00000000000000000
0.00000000000000000
0.00000000000000000
0.00000000000000000
0.00000000000000000
0.00000000000000000
0.00000000000000000
0.00000000000000000
0.00000000000000000
0.00000000000000000
0.00000000000000000
0.00000000000000000
0.00000000000000000
0.00000000000000000
0.00000000000000000
0.00000000000000000
0.00000000000000000
0.00000000000000000
0.00000000000000000
0.00000000000000000
0.00000000000000000
0.00000000000000000
0.00000000000000000
0.00000000000000000
0.00000000000000000
0.00000000000000000
0.00000000000000000
0.00000000000000000
0.00000000000000000
