1
3
100
0.00000000000000000
0.01010101010101010
0.02020202020202020
0.03030303030303030
0.04040404040404041
0.05050505050505051
0.06060606060606061
0.07070707070707072
0.08080808080808081
0.09090909090909091
0.10101010101010102
0.11111111111111112
0.12121212121212122
0.13131313131313133
0.14141414141414144
0.15151515151515152
0.16161616161616163
0.17171717171717174
0.18181818181818182
0.19191919191919193
0.20202020202020204
0.21212121212121213
0.22222222222222224
0.23232323232323235
0.24242424242424243
0.25252525252525254
0.26262626262626265
0.27272727272727276
0.28282828282828287
0.29292929292929293
0.30303030303030304
0.31313131313131315
0.32323232323232326
0.33333333333333337
0.34343434343434348
0.35353535353535359
0.36363636363636365
0.37373737373737376
0.38383838383838387
0.39393939393939398
0.40404040404040409
0.41414141414141420
0.42424242424242425
0.43434343434343436
0.44444444444444448
0.45454545454545459
0.46464646464646470
0.47474747474747481
0.48484848484848486
0.49494949494949497
0.50505050505050508
0.51515151515151525
0.52525252525252530
0.53535353535353536
0.54545454545454553
0.55555555555555558
0.56565656565656575
0.57575757575757580
0.58585858585858586
0.59595959595959602
0.60606060606060608
0.61616161616161624
0.62626262626262630
0.63636363636363646
0.64646464646464652
0.65656565656565657
0.66666666666666674
0.67676767676767680
0.68686868686868696
0.69696969696969702
0.70707070707070718
0.71717171717171724
0.72727272727272729
0.73737373737373746
0.74747474747474751
0.75757575757575768
0.76767676767676774
0.77777777777777779
0.78787878787878796
0.79797979797979801
0.80808080808080818
0.81818181818181823
0.82828282828282840
0.83838383838383845
0.84848484848484851
0.85858585858585867
0.86868686868686873
0.87878787878787890
0.88888888888888895
0.89898989898989912
0.90909090909090917
0.91919191919191923
0.92929292929292939
0.93939393939393945
0.94949494949494961
0.95959595959595967
0.96969696969696972
0.97979797979797989
0.98989898989898994
1.00000000000000000
1.00000000000000000
0.99999921812457238
0.99999969131163458
1.00000080990069140
0.99999988263328754
0.99999908334164467
1.00000139190400139
0.99999925267267753
0.99999846087594313
1.00000379313718524
0.99999852182497329
0.99999515757000157
1.00000844590964033
0.99999840010609375
0.99998809746318051
1.00001905073462782
1.00000122044550799
0.99996621255481544
1.00003852390602299
1.00002039645229224
0.99990717963708742
0.99989020735780632
0.99844792684025807
0.99236839083138606
0.97996213834689505
0.96236854560279195
0.94160339678320903
0.91903208057229124
0.89543128213657552
0.87129087513552994
0.84691315956481295
0.82249294489914770
0.79817597617614122
0.77407508012877735
0.75027472208621648
0.72683493678374078
0.70379900918185789
0.68120060088248235
0.65906659803879064
0.63741658745672536
0.61626592287696591
0.59563402757570505
0.57555421283373620
0.55607914810002557
0.53728261826015111
0.51926314910715599
0.50215471824183477
0.48614378758490800
0.47148716732060869
0.45852514157921642
0.44767333291023320
0.43932822594725801
0.43361742756731353
0.43016965932588924
0.42825073395357527
0.42717847625465344
0.42652013861657850
0.42597940541190582
0.42527827785832434
0.42410559477008158
0.42203714051923008
0.41850054545101933
0.41283426933070150
0.40433909845839666
0.39236191505215362
0.37665251561504065
0.35788405007147972
0.33776307976702852
0.31846654539645486
0.30184221986805815
0.28888114688604288
0.27964904794351580
0.27359636292994260
0.26995542196260452
0.26796417754445573
0.26698940287430284
0.26659411132025884
0.26650573303440117
0.26659036525235602
0.26667385499859753
0.26603523367634718
0.26292508805029080
0.25456692929674091
0.23805881809354068
0.21243986262851225
0.18142175250253953
0.15332137217282391
0.13526211953383896
0.12745757853035170
0.12532617097763551
0.12501912024381823
0.12500270464932489
0.12499738814281983
0.12500279723532046
0.12499859088084619
0.12500052941133299
0.12500046785677055
0.12499970594206497
0.12500032403448405
0.12500000000000000
0.00000000000000000
0.00000024491292549
0.00000026474103951
-0.00000078560298730
0.00000078866265174
0.00000055752383466
-0.00000189758597908
0.00000070399701459
0.00000253850409771
-0.00000417374566916
0.00000176176562050
0.00000517268766216
-0.00000980024535376
0.00000287309127137
0.00001582260056038
-0.00002195794896794
-0.00000058951198206
0.00004246891111317
-0.00004160145278119
-0.00002387574885363
0.00010627306500952
0.00012704185236098
0.00183557720993959
0.00899112544165986
0.02342369798697994
0.04350988059537122
0.06663622183879098
0.09104401291068362
0.11573743381892200
0.14010083777596027
0.16376697919245942
0.18650716670316952
0.20816788029098043
0.22864361375815975
0.24787134839283451
0.26581730374024382
0.28247265034631597
0.29784060256032174
0.31193705418512380
0.32478473908700672
0.33641525749477130
0.34685965798629886
0.35614897717243615
0.36430958588964896
0.37137101538642991
0.37736561851696415
0.38233634746404416
0.38633492996148822
0.38942910974550049
0.39170258706583416
0.39326354724294560
0.39424445252335072
0.39480255210370291
0.39509271209316660
0.39523642528347031
0.39529622364280487
0.39527897337969203
0.39512413096293136
0.39468371010606573
0.39369928052072017
0.39178710075890738
0.38844080225793226
0.38309516819088391
0.37514850472806155
0.36400622686968942
0.34941183963726569
0.33198075724728965
0.31330574696630736
0.29541364285239352
0.28001288306679595
0.26802353489978809
0.25950935951598308
0.25396340346590185
0.25067239421072818
0.24892556919003517
0.24813474661949286
0.24791933262974331
0.24803903806168265
0.24839688919462172
0.24869845068191754
0.24739140248862596
0.24065374435657066
0.22262064571014190
0.18788223742872270
0.13682173667542619
0.08054459106478960
0.03609040299911402
0.01180899674401503
0.00266328167594929
0.00034246561266695
0.00002400523637081
0.00000012006365384
-0.00000164880436713
0.00000168411334412
-0.00000188687980496
0.00000096461926620
-0.00000051059037065
-0.00000025571353636
-0.00000013223578675
0.00000000000000000
2.50000000000000000
2.49999897314645692
2.49999886962074314
2.50000212950294864
2.50000021601087763
2.49999650467027834
2.50000503712106514
2.49999709885760657
2.49999502709553356
2.50001285697320164
2.49999518324764081
2.49998272435561431
2.50002991077357217
2.49999402547629535
2.49995869418046324
2.50006640068998465
2.50000444679479283
2.49988166086591557
2.50013488954746643
2.50007123505665607
2.49967557441546306
2.49961492502100890
2.49457216191313158
2.47337001430710757
2.43043013158492194
2.37027230461906058
2.30038541384438755
2.22578758494091522
2.14931103784232835
2.07269286757396864
1.99697057836717340
1.92277152597553891
1.85053013248482601
1.78054008915543793
1.71299180085766034
1.64798177357730746
1.58555185492648909
1.52570144476952407
1.46841140273473547
1.41363346097518838
1.36131165863912140
1.31139076037159574
1.26385285124228819
1.21871626956351409
1.17604888123803875
1.13595776897495204
1.09861980109719548
1.06430048418975587
1.03340220691556128
1.00647645525689455
0.98422119364527794
0.96728212179139272
0.95578259213892447
0.94887647512911322
0.94505137119486937
0.94294024276078525
0.94172842202292939
0.94094982799102667
0.94031974086189585
0.93965251009911177
0.93875613809746816
0.93734209420614389
0.93505776865429480
0.93152353662334553
0.92644969625221196
0.91976720608778073
0.91179023297160455
0.90323762981295841
0.89504744365251532
0.88801317814673242
0.88258029112123149
0.87878329501835506
0.87639068715664326
0.87510114846216347
0.87461449574729833
0.87465524215386314
0.87511100721018298
0.87591562853834637
0.87709723032779685
0.87800860790324520
0.87474018090088201
0.85758554158887668
0.81168284320121098
0.72352039151439518
0.59464194965525430
0.45351267153294805
0.34219605689351140
0.28068491426925901
0.25700698211932077
0.25091062711631268
0.25005991880108352
0.25000287635652324
0.24999508212682534
0.25000732954385874
0.24999514946936355
0.25000334115383432
0.24999924554117944
0.25000034593646836
0.25000161425502748
0.25000000000000000
