1
3
101
0.00000000000000000
0.01000000000000000
0.02000000000000000
0.03000000000000000
0.04000000000000000
0.05000000000000000
0.06000000000000000
0.07000000000000001
0.08000000000000000
0.09000000000000000
0.10000000000000001
0.11000000000000000
0.12000000000000000
0.13000000000000000
0.14000000000000001
0.14999999999999999
0.16000000000000000
0.17000000000000001
0.17999999999999999
0.19000000000000000
0.20000000000000001
0.20999999999999999
0.22000000000000000
0.23000000000000001
0.23999999999999999
0.25000000000000000
0.26000000000000001
0.27000000000000002
0.28000000000000003
0.28999999999999998
0.29999999999999999
0.31000000000000000
0.32000000000000001
0.33000000000000002
0.34000000000000002
0.35000000000000003
0.35999999999999999
0.37000000000000000
0.38000000000000000
0.39000000000000001
0.40000000000000002
0.41000000000000003
0.41999999999999998
0.42999999999999999
0.44000000000000000
0.45000000000000001
0.46000000000000002
0.47000000000000003
0.47999999999999998
0.48999999999999999
0.50000000000000000
0.51000000000000001
0.52000000000000002
0.53000000000000003
0.54000000000000004
0.55000000000000004
0.56000000000000005
0.57000000000000006
0.57999999999999996
0.58999999999999997
0.59999999999999998
0.60999999999999999
0.62000000000000000
0.63000000000000000
0.64000000000000001
0.65000000000000002
0.66000000000000003
0.67000000000000004
0.68000000000000005
0.69000000000000006
0.70000000000000007
0.70999999999999996
0.71999999999999997
0.72999999999999998
0.73999999999999999
0.75000000000000000
0.76000000000000001
0.77000000000000002
0.78000000000000003
0.79000000000000004
0.80000000000000004
0.81000000000000005
0.82000000000000006
0.83000000000000007
0.83999999999999997
0.84999999999999998
0.85999999999999999
0.87000000000000000
0.88000000000000000
0.89000000000000001
0.90000000000000002
0.91000000000000003
0.92000000000000004
0.93000000000000005
0.94000000000000006
0.95000000000000007
0.95999999999999996
0.96999999999999997
0.97999999999999998
0.98999999999999999
1.00000000000000000
1.00000000000000000
1.00000000000000000
1.00000000000000000
1.00000000011576673
1.00000000186737270
1.00000000176022574
0.99999999525807670
0.99999998721885563
1.00000000007837953
1.00000004629405637
1.00000006598505142
0.99999993552916377
0.99999967583296345
0.99999970705394725
1.00000058176676365
1.00000186698314808
1.00000119537482712
0.99999582288628031
0.99998770312078034
0.99998620820501594
0.99999866851248753
1.00001725280207743
0.99998641860639759
0.99970751589055018
0.99850109480353066
0.99364814800423584
0.98211853040721508
0.96357221478064470
0.93987711272964014
0.91328954954401520
0.88545028286436711
0.85727145372571523
0.82920046852480955
0.80146089713393653
0.77417809480957378
0.74743058073959434
0.72127081665014059
0.69573576168677231
0.67085374753714755
0.64664896183327791
0.62314311538089706
0.60035322783185896
0.57828789922098511
0.55694637158916593
0.53632903911901852
0.51645432727046847
0.49737183105585753
0.47917756547593154
0.46208863869416150
0.44662927077160064
0.43391322692566003
0.42569778102490347
0.42303667190681027
0.42390267080587463
0.42589765957192005
0.42749548275736426
0.42798914596820420
0.42773127015428036
0.42706483425136826
0.42603555048708031
0.42481204923966981
0.42400886391173054
0.42433825237914047
0.42589506582473041
0.42769807526049858
0.42836526817816206
0.42575734591542613
0.41186646895818757
0.37986979277421812
0.33694562392580923
0.29650592062504005
0.26935619037243402
0.25786206798160644
0.25582942452468410
0.25722130886786426
0.26011646723623061
0.26341506676548460
0.26613269594329619
0.26774245149099463
0.26826201987077936
0.26797457077482162
0.26722334018070421
0.26627229755760318
0.26506543136769117
0.26243287070271404
0.24094643279368827
0.16879763558118394
0.12831578237811181
0.12523998746313381
0.12498683876424457
0.12499935306157643
0.12500874311782065
0.12500122296484248
0.12499909882158218
0.12499987386924100
0.12500015775647547
0.12500002256538764
0.12499997458474739
0.12500000000000000
0.12500000000000000
0.12500000000000000
0.00000000000000000
0.00000000000000000
0.00000000000000000
-0.00000000012920128
-0.00000000219332549
-0.00000000206199825
0.00000000563259862
0.00000001514401372
-0.00000000007050458
-0.00000005474619052
-0.00000007806269600
0.00000007627213790
0.00000038379115034
0.00000034657592754
-0.00000069027998366
-0.00000220426529121
-0.00000140567954341
0.00000487069833485
0.00001460385743659
0.00001673540020958
-0.00000018224577922
-0.00002263035140346
0.00001802749024375
0.00035139079287616
0.00178267969655089
0.00749270713381045
0.02093770021289267
0.04215305977700554
0.06852777689772525
0.09712712828864611
0.12591795348558277
0.15382496554981800
0.18035669871637991
0.20529807875568379
0.22855648026653355
0.25009942755717668
0.26992879420105004
0.28806761697935501
0.30455216215239328
0.31942725372413705
0.33274456710651190
0.34456273568353291
0.35494865395834296
0.36397461384269275
0.37171387557669694
0.37823439107684992
0.38360000162394620
0.38787561419623334
0.39112676846469524
0.39339053116119410
0.39472152590741399
0.39540677284851294
0.39571745558134497
0.39567052687844384
0.39528841308178769
0.39489680399471699
0.39497567493035468
0.39557628044951232
0.39609608433828830
0.39588859301174806
0.39493247915200491
0.39404603026634172
0.39411746363374012
0.39533419485547988
0.39684186967385943
0.39738718798083755
0.39498773413219745
0.38209613844345042
0.35232852707005269
0.31237749848897289
0.27483282858394931
0.24983322252075088
0.23926105396010139
0.23721451898300236
0.23848814015745157
0.24124646852825810
0.24435920435383973
0.24679650668038386
0.24813478142397019
0.24855732349870910
0.24836369084254462
0.24782652988325432
0.24710300860600082
0.24587677555044218
0.24201700704872009
0.19742206006744414
0.06353972926299280
0.00356101154753719
0.00027786638690468
-0.00000841328837212
-0.00000045197554637
0.00000769241733831
0.00000168247963230
-0.00000093428283177
-0.00000017228012408
0.00000017465641341
0.00000002473396944
-0.00000002767619788
0.00000000000000000
0.00000000000000000
0.00000000000000000
2.50000000000000000
2.50000000000000000
2.50000000000000000
2.50000000038515813
2.50000000649479448
2.50000000611031625
2.49999998335335061
2.49999995522218610
2.50000000023132030
2.50000016196815622
2.50000023094339996
2.49999977441873256
2.49999886476906230
2.49999897486386358
2.50000204187922659
2.50000652057691841
2.50000415815441279
2.49998558906990631
2.49995686301594544
2.49995033357923502
2.50000213965230156
2.50007591753352365
2.49993122385768718
2.49896294163028543
2.49467866632113688
2.47779746898962916
2.43784121021078493
2.37435247084129974
2.29463332963944344
2.20704346632043613
2.11744168900142782
2.02894776118959630
1.94299030508625981
1.86019580205733348
1.78083907211625281
1.70502670685684588
1.63277265231853908
1.56403681900422153
1.49874926882400894
1.43682524213064977
1.37817142266937354
1.32268195886265061
1.27023226644721521
1.22067881398069145
1.17388609310544245
1.12976396162230985
1.08829261718514925
1.04954202249800144
1.01382650388759710
0.98210202807562264
0.95645573278785712
0.93998498916909456
0.93444471663428075
0.93613550978185012
0.94050979984093575
0.94417318209007206
0.94499041476722467
0.94356762208907852
0.94152422291224436
0.93997350555371606
0.93921328707794216
0.93909260721576326
0.93951707329535206
0.94036681517767629
0.94133185655236207
0.94179083245810713
0.94072383696977291
0.93486358332287323
0.92130269890113903
0.90281106957061608
0.88537388334487854
0.87418753976855412
0.86934000176713799
0.86774358702177468
0.86818631986708394
0.86987334503256020
0.87171539419227484
0.87268177081644316
0.87276144740771466
0.87262539862409805
0.87261742983077739
0.87281219685070699
0.87298531870103757
0.87225762218306180
0.86515387267638399
0.75261936771301952
0.41192976055363012
0.25934704196717906
0.25077434699339007
0.25000786465346675
0.24998574136852172
0.25001992089729336
0.25000471803106816
0.24999744591609566
0.24999954954214551
0.25000046250621177
0.25000006517469897
0.24999992682064062
0.25000000000000000
0.25000000000000000
0.25000000000000000
